wrench_x,wrench_y,wrench_z
0.0,0.0,0.0
9.659783432942124,6.536635024881313,-2.3499911895460603
9.659783432942124,6.536635024881313,-2.3499911895460603
10.823490933963756,6.597143848474431,-2.1539651745698487
11.22110486229291,6.5672039954902495,-1.8480448229043083
10.938178657580009,6.597494578358744,-1.841059892640172
9.039949422312155,6.664354950947709,-1.9389320894776068
8.683932473634625,6.691403753749358,-1.891862820497283
8.48987932772579,6.602933732759238,-1.7648925200935701
8.819159135524245,6.589816616234989,-1.6640647284117247
8.763684408556918,6.57725596612815,-1.5875731724898008
8.954237871620213,6.446249802618752,-1.5019501715599544
6.4624620849117385,5.52641364267452,-1.369411595426964
1.6580496574097818,4.1738141904949915,-2.577525030677239
2.264687447214841,2.5135978349931696,-5.918939205379486
3.1335621646060665,2.1600679667025133,-4.471346196393939
1.4361098248813013,3.086503990347557,-3.153714653019871
1.537392263106555,3.2115953372125152,-1.8049951114636906
0.5136658678540899,3.324846803614859,-1.4244563258330176
0.03491418186232445,3.3631973312793657,-1.390976294838599
0.2790895101640223,3.0952594142726984,-1.3569056072756698
-0.4930955573499322,1.3142832070407913,-1.4849145551212999
-0.15927588297979914,1.5219684859201421,-2.2653984397800433
-0.6588682348836454,0.6827613820696861,-3.586203338956648
-0.7558966571899406,-1.1864635159072159,-4.9837413354773545
1.9677913702344538,-3.418205189953225,-5.736173523478363
0.48703228166519624,-4.607627844955679,-6.191095216854455
0.9480853593381501,-5.91251674738763,-6.438971492951612
2.5963764824621824,-6.950234454519254,-8.911095819784414
5.1021564159433535,-5.222062649724438,-8.522302312004717
11.151828543767111,-0.810868494724528,-8.31675039327897
7.7780194333487565,2.677063489272253,-6.669064389217812
1.80237925214626,4.731572371602704,-0.9516372885942724
-1.5148674178646633,4.729315875673178,1.8228727407226466
-1.1478841369244412,2.7833627389604914,2.04993137148669
-1.8691432720949024,2.5024376703741393,5.384186655696242
-1.8191107489970235,-0.0840280016506012,6.693332619938051
0.5796185745989794,0.35430312485439885,4.305125690680769
2.46076302152074,-0.10066715480465582,-2.735101393747735
2.5643939600292254,0.7269775117350344,-1.8950436801504371
2.0949874796366776,1.991399685964208,-1.0715969040757019
3.0926782872289755,0.7397463532622921,0.7089944935403927
-0.026367938553679166,-0.3777808601886449,0.30569554376235425
0.8405143862682305,0.3312321104023299,-0.28444708859017465
0.4703617117287394,-1.0733535416223452,-0.029886788432712308
-0.4506884951730313,0.2342262231455745,-0.52769619171141
0.8916227437807569,-0.7188116823533688,-0.03784751356930871
1.9046684794651612,0.26640335972479784,1.2329434210284989
0.4480321781225212,-0.04823869065734787,1.1199786547803257
-0.09008919783058461,0.5590961873075382,0.4164519688009405
1.640093012021498,0.14263167474267496,1.1531673868447532
-0.6663591520950868,1.3500405699611475,1.566318555817783
-2.188234410825027,1.6687564581294172,2.8432527824827165
-1.7313040735643503,0.4795774548827351,3.32594268190768
-0.865216290538255,0.026419976015689572,3.597724811485504
1.6755899875261988,-1.5490316990783322,2.0848317140265435
1.3000052618617783,-2.0659095696377494,3.127021991668389
1.4786134268172302,-0.8480413393931502,2.151315667806182
0.7809344595850375,-0.08290460249129711,-0.13220880648682495
-0.00892755957264111,0.8354302756788404,-2.898441427429348
4.292649520948103,0.6120121602901374,-2.097760866470425
3.122416602577812,0.2915009607468676,-2.6680072876224106
1.7527302643636655,0.10176861168147017,-1.9937762475540333
0.6204964894773878,0.3826869513694734,1.1009616546906855
-0.231909434524995,-0.006877825495260781,1.012964916828985
2.395375358957912,0.7660282583100503,1.689063837467376
0.831868520077199,0.2402600429493655,2.1206361058864673
-0.02730378583477963,0.2646123521770324,1.6798813665553851
0.3474927216725178,0.15428034226885784,0.5938094013486424
0.24060864143132443,0.06658891597409633,1.4477672009176499
1.4571586223651296,0.0009595401231059508,-0.536736639790096
0.9256840961912183,0.24665471690222251,-0.7517892194799639
2.275864199161342,0.004361029117748938,-0.32499789450819466
3.243598293993784,-0.31811083463900225,0.6931922219659888
2.1475358097354658,-0.1733359144072497,1.43478187495854
1.2849981394227348,0.7059190253578473,0.6054000024284129
0.578950379403068,0.10436205359713663,0.01949281761154012
0.3980866647150803,0.1788227784108568,0.23239846949600645
1.7564307175910574,0.8717460590401505,0.5074339434449588
1.2877131750095507,-0.23092632937710234,0.37689246442968294
2.1561223400735705,-0.6601041002188446,3.0429514179584825
0.2884822765137934,-0.7600738432719993,2.5939057959215632
0.1787000772422661,-0.3393849900782848,2.902792886462792
0.035804431508768636,-0.7933830733522352,2.4714552339599374
-0.7762054449700012,0.14718235573462957,3.6105466255935177
-0.7646612264248822,-0.237246649084084,3.565974040580062
0.1897273442738359,0.0293271979001114,0.7721105842707129
-2.1403597260587794,-0.26584213364907583,-1.5824930834044588
4.873774002098687,0.9277557790426205,-3.6373270680113197
3.1233601431220928,0.6025105687361808,-1.9153267974702397
0.6369084246374341,0.3925433418863641,1.3719739661855999
1.8141754546935314,-0.21627514081077992,2.183333192699609
1.010818599165038,0.09692071692721416,0.2748910124749908
1.0213503977400742,0.03807610189202171,0.11651586536088085
0.46288882296081496,0.42769859826069867,0.26014220424232304
1.678775623422752,-0.06587652205209726,0.6448963277305781
0.8580138429553295,-0.5818489000348402,0.6569983106909347
1.1227495458864558,-0.7833969499298041,0.5519467446240736
0.33829816950517155,-0.2452326257680057,0.15986082781485667
0.23345182753770746,0.026619203745505526,0.6726230065946653
0.13424508865152734,0.913052988172981,0.47727046260983286
0.22808426816435765,0.45157586989107545,0.04217455917694704
0.1884531654508498,0.5147194483452885,-0.11935006501218054
0.270850217607628,0.5214908761321381,-0.042349292015864126
0.1427976632011766,-0.5597026031041866,0.14579673600176005
0.6480655324091307,-0.6031024489454646,0.5401594557752047
0.502612775113757,0.311157586168751,0.6097200302368713
1.775589271997402,-2.482923871659579,0.1289429088858462
-1.9105492961798083,-1.2536914096758547,1.3569954923692953
-1.6413639809802167,0.18829816905777558,0.7264426093543374
1.2906142445644255,0.012720028598130373,1.416353534219084
0.4904879384833667,1.430329551650752,1.1580268514191894
-1.6517763006699568,0.9075254190736193,1.5723003846119927
-2.3802592163025698,0.5437494060962005,2.756424024096475
-2.57266455301902,-0.492468118404044,4.81359851222638
-1.8805725689621264,-0.873959290089242,5.891094535455058
-0.7955852987482466,-1.2907872148448425,2.56465079151217
0.7023422704675829,-0.04489182156634319,-3.9874521481054623
1.0584297375797518,1.6460999452378855,-12.684259763945223
-1.2425478602110398,0.8210829310418574,0.9662911522040765
-0.6809511055429591,0.18520659616280064,2.6354590275485443
-0.36251275050888687,-0.40366955801769816,2.910471783737081
2.6007658259582906,0.3331389337188671,-2.6340759752993455
-0.5338850524095535,-0.5693830161627589,0.17721830372331426
-0.23295390984813755,-0.23266513688151302,0.35940340377513824
-0.8054940935974304,0.12615827705256472,0.465424717220493
-1.0759696002162003,0.4282087220793852,0.5487392694637252
-1.6649661434514464,0.7146619807945064,0.974001024572155
-1.7629987617208136,0.1813803787292194,1.594123803780968
-1.4972936994156523,0.2822520607839361,0.49224777018652566
-0.9359133016130751,0.8157529514932897,1.258491753712201
-1.4348656166907896,0.45988182389067167,0.6974378888136936
-0.3883276995674098,-0.23652066487601214,-0.25430707939021313
0.8826957980595732,-0.2656233352619485,-0.9116223281263842
0.12240528617871688,-0.3102133619639736,-0.1452081092056238
-1.0515836146877118,-0.7359507207631324,0.7537069975527964
-0.33021292848845474,-0.20088707395900357,0.5088787323077155
-0.6834018148306358,0.12881967704164543,0.22624630697470424
-1.010316167713736,-0.03095773866005702,0.5172945251322522
-1.6453709069798133,0.026128016987585267,0.8252806026734273
-1.165949990073766,-0.0415957896869969,0.5749251336127041
-0.9857877587220099,0.45230259333384254,0.7399751300979271
-0.6894414641657628,0.217809415260075,0.3674464247345073
-0.8718343173705903,0.2963934797322638,0.6371296502206608
-0.9253203997422236,0.3160890146471834,0.8051268185504444
-1.1976430607091235,0.4622195260398806,0.3842548555636812
-0.9813743409528839,0.31469977508901215,0.27930150587723057
-0.621692323378612,-0.7477687992742679,0.2096068974519649
-0.6537075535560796,-0.5122876157582799,0.08403170351687936
-0.6571737106315408,0.005428195433647753,0.29198341339789935
-0.7193779083715468,0.10682426654028487,0.13068880621241658
-0.2347843121228879,0.5908434825095579,0.24471051143979994
0.09450979625297384,0.4454366791905291,0.7001831850687633
-1.3603712348321595,-0.08412871200043237,0.6840200465219262
-0.7481392600270663,0.021798472171980443,0.5543594964766909
-0.8093325300048817,0.021020911182735025,0.20587817399542302
-0.9459156855917812,-0.1748182966379056,0.5477283936467716
-0.9153024656529548,0.08279808068458683,0.3546203497011179
-0.8858077429240595,0.025957638396040317,0.4222297265839866
-0.9490571245150189,0.049949670062269025,0.26267093176151546
-0.8811423872160372,0.0449799472833598,0.36823063260019867
-0.681682524379599,0.020315404644299206,0.4935362266676013
-0.26394796886552097,-0.251209570553586,0.3596070529149545
-0.20073349562169557,0.30380191730490863,0.30598916507483515
-0.1698766413738615,0.5945705910399903,-0.11363501765541817
-1.0053189203740835,0.025269570695266863,0.8169501160265951
-0.4475641875879142,-0.4474633993295733,0.2375508403551943
-0.04399181705361263,-0.12430824042390953,0.7518100819419914
-1.0859798852894331,0.6895465408951675,0.6401933890386328
-1.0973855344614072,0.553188838429707,0.6839373126784719
-0.17601901263229347,-0.11203610426305433,0.5810839902434426
0.9770673881904778,-0.10074240039292603,-0.03570769618085602
-1.3901719111596118,0.4484558355709559,0.07972009041626635
-1.9336897138007223,-0.9044707374551714,-0.028558305361721978
-1.186938538222607,0.19059113822047863,1.0321812416013476
0.10119176097272586,0.2286539953821286,-1.0756593705369042
0.7309210581877903,0.7358955840658435,-3.976235523537539
0.10836709710685907,0.7087186502193255,-3.0720434809536097
2.1828030380372447,0.5096865982260005,-0.01775963891636953
0.16422095981547102,0.8748871256506627,1.718919278255146
-1.4187947779845589,-0.6327970706484345,2.357933767797831
-2.472191734610958,-0.8525588006789718,5.374138309232303
-1.3953091128358195,-1.0720444260409896,3.4106231672664085
1.2368319795906628,0.48956807783925593,-0.36335198653950695
0.31073709064760047,0.6081233001429892,0.3936225214384633
-0.659623024339591,0.36594939847553315,0.19400528348113907
-0.8670893071151025,-0.039117939966177406,0.2605827914179694
-0.29793137585122403,-0.048719473979285555,0.3862841740055103
-0.5016924366418654,-0.10055648049479993,0.45206455003367907
-0.8044807000461385,-0.7433321881282691,0.6195698319226106
-0.4022471445113457,-0.7867870892042188,0.6997788632486049
-0.6214663677495829,-0.8858060686298104,1.0290182222299828
-0.5017703236071303,-0.25272483257756057,1.1019680154017615
0.4827522508275413,-0.17274028895466592,1.7473742531549166
0.4355582882688777,1.1694544573494077,-0.04484616129743721
0.15687737457861622,2.42460583627318,-0.7039488529705528
1.6953438700968646,1.424994170074768,-1.320882416038777
-1.464696178216548,-0.8874842021931426,2.1633870759458116
-1.560486362140631,0.0778389869606671,0.7228018983119652
0.16135365321994583,-0.05978094979890014,-0.05471616438675833
1.6226250076598978,0.7937421402712499,-0.8207623174714059
0.827122524331697,-0.15910154602120496,-0.9848214160345061
-1.1939182189319608,0.19578405511635938,0.5265418095121893
-1.0345723653186192,0.47831361106849524,1.1724191741157468
-0.7311581074232929,0.21148063901543784,1.6365990640782875
-0.09797823288045684,0.2518417616967564,1.1538345707663955
-0.014236213764365742,-0.1640379390404399,1.1255424814494266
0.24464013196995915,0.7765105921314456,0.28171464365093607
-0.5625848494663699,0.12639681540685466,0.35597224062752353
0.3185466763368815,-0.02371001122594918,-0.4352170275264623
-0.12258339370741196,0.948648049895571,-0.6151982868998236
-0.7813608341093113,1.7416389566881123,0.1805506403739887
-0.8395367831012975,1.2076169561663388,0.8784087470569021
-0.3707571094479307,-2.7464505909818357,-0.7399798610874133
1.248539243716993,-1.013140557895782,-2.1992242673630695
2.5434084272441893,0.8784879997788089,-0.07681173594087883
1.805601988812933,0.5755020273195492,1.7913603733601526
-1.4116962310862369,-0.4640317071946572,2.594954204264806
-0.6296890099077339,-0.7301794829913418,1.88921653573328
1.1352184876082376,-0.7615976602313562,0.152888327750444
1.28797790988315,-2.6547375704287486,-1.2747233226245493
-3.1744514967365998,-1.945868781467215,2.110082365868162
0.7636084666410631,0.8999537540503326,0.5598105184532829
1.566607079190253,-0.021540069454940705,0.1653271162322022
-0.5986825960510078,-0.7629065218393882,0.3774620477151872
0.803208823411764,-0.3954860385021381,0.755357167528534
1.0212005604056567,0.36061404083860377,0.17243026878399664
-0.17008415463058899,0.1540366042207647,-0.364756200219968
0.5767050641802813,-0.10569963953316522,1.0679981040175823
-0.00813716290663119,-0.7464089270034338,1.3636425497912894
-0.5993408467104507,-0.42659253286793064,0.5729776270967821
0.8853791493473119,-0.6941235633826591,1.0484278620689396
0.5692137044043263,-0.39035415391022554,0.7583875586598054
-0.1380776166599366,0.17990352966952952,0.33102116613441374
0.3944934353040436,-0.013647987681171904,1.0402824476120562
0.6528779687317365,-0.1948246355722346,0.6803389872050648
-0.5117696527028442,0.10946182051377021,0.6364231175318257
-0.054895388162985136,0.4387283064598758,0.5746418413392347
0.6800028112027522,-0.2227660070887405,0.5442984844097947
0.014718891768800726,-0.5053279205099712,0.6791919414323012
0.3900072241387178,-0.05126187207579727,0.8648829114879579
0.11520081417022754,-0.8187277503350243,0.8114629701003407
0.0816521853461725,-0.49969232856800544,0.8122160796579989
0.4270152321695995,-0.2677260919624235,0.6474285864577928
0.44902003095494814,-0.1449238153159632,0.5420420946025005
0.43823606931968084,0.1045639402662702,0.509609007539615
0.6815121132473091,0.12582273925939386,0.854348564658868
0.4179373461895695,-0.2831396228350433,0.96898360166879
0.23595419719382782,-0.37276769736582815,0.7179721774212502
0.32346940993128526,-0.33181022440357005,0.7015404078082975
0.4565862977368401,-0.3718335457827705,0.798457386389562
-0.0013388511931133888,-0.5345940907298184,0.6792702567933866
0.21908264567356484,-0.12228995017013544,0.6708227861665963
0.16952561654244266,-0.5306671243102072,0.6546774156106667
-0.005183914957927686,0.09068021978558663,0.8186368551230453
0.22050118077973294,0.19607294541151407,0.7330157992452071
0.5977160206669957,-0.23823049616900074,0.7786628675021515
0.3669366571127589,-0.4663469892238854,0.7879861874766239
0.38410745655879963,-0.2382890466050535,0.5374749532103347
0.29987745358583334,-0.2454119345873136,0.6749533635840533
0.29996816655225905,-0.256342470739879,0.7618827990596069
0.44636923018895014,-0.17894715646761813,0.7718050828897066
0.6947008452938671,-0.3753050448529702,0.9613064384805383
0.5669753063007665,-0.08789327389815749,0.8156011562151901
0.23883572698938008,-0.24219513698484377,0.8549736870193462
0.35742273066621405,-0.21776521278757982,0.7965507167408271
0.6307504715118327,-0.3812526804784973,0.771497372906758
0.28090532508971916,-0.19366398007569668,0.8005762427152826
0.36335945043672785,-0.3156725815203297,0.7558991975740145
0.6320138387418035,-0.22737133846572863,0.7477356770884966
0.6303523978487852,-0.08728594697451322,0.8469052379364425
0.5679267636429345,-0.10084013726770145,0.9136259221141342
0.37974113662981757,-0.18002760426944567,0.8783942483839763
0.8917112790666782,-0.3301968156223384,0.9166802971129311
0.03667074777679724,-0.7827580800275715,0.894669052185465
0.5003954403872514,-0.15338288776314365,0.9425880095313346
0.6943573141871225,-0.047130590706091664,0.7607132979606741
1.2101868940365432,-0.014958390937341332,0.811289692860181
-0.04830965718918928,-0.11370813518811655,0.6396803563499569
0.6305689279369722,-0.24359630768811033,0.866080109658073
0.21089479758929766,-0.5826618651784592,0.8575656214589709
0.6543604686566442,-0.3052026707186053,0.8707694612018982
0.5348746993256552,-0.49421319197930114,0.7848548053620049
0.20753181971559814,-0.29401235561289113,0.7530316034121105
0.8573305987396694,-0.048745237479168424,0.7744565836083608
0.6032277799898605,-0.21427108735842856,0.914071356213441
0.1510376523963659,-0.27884407673599665,0.8695417820446947
1.078957151720728,-0.13032759162289434,0.9143477513103732
0.22221046804340805,-0.290957436968926,0.8170366492157577
0.3754303301505353,-0.116252696810042,0.7188818859208629
0.7108171291421733,-0.24853852030986243,1.0384247420990809
0.5640345402348994,-0.18565723295838776,0.9494594591842247
0.4571669654309784,-0.4112825085940652,0.8543451887999636
0.7400861834174313,-0.19037340472541509,0.8568730538172727
0.4441516116487003,-0.5927136053107526,0.936407966286675
0.7307911080424192,-0.38486275815943577,0.9446157805924539
0.38897023973256944,0.012303108292291046,0.7140282005165346
0.26200352710215835,0.2718361300702636,0.9244453472449956
0.8772935031746515,-0.4400635875016158,1.073981545078815
0.6361231513776482,-0.3411357335741227,0.9857422710367515
0.20648604668816556,-0.09510450458900896,0.8103913242343063
0.7484978093706388,-0.30233174924893114,0.9557516738872507
0.5729186634271264,-0.04119548807124679,0.7830038793339599
0.6670325453194699,-0.22310087254741692,0.991933668632924
0.5609328164842386,-0.003345089847523613,0.7543525644054595
0.5037827753936056,-0.3999719562747235,0.8172054812971914
0.770147427164903,-0.3240856306840469,0.971781126030102
0.6016241234476489,-0.307135493502884,0.9705487312006499
0.6778830159790936,-0.11075874338070422,1.0801837337096711
0.5326907300988315,-0.39717708674257424,0.8117534604920005
0.6856910077065524,-0.25008187397691206,0.906176710108091
0.9275021379866997,-0.35736335032391864,0.9315410858636282
0.2419508902567747,-0.2938945495706164,0.8212428027295534
0.33143237186804103,-0.29806044537282844,0.9121986942509895
0.5819725888237439,-0.3302336426284504,0.8895428418956162
-0.3099936236301822,-0.4845046613929252,0.8992909007140814
1.3200040376983118,0.21465857589013387,0.8306313893602412
0.7128004655548377,-0.16372755285062907,0.9615364858207763
0.8189394675034439,-0.15283296918466233,0.9120470663500978
0.4820919558597394,-0.03891626662777756,1.1804289256984448
0.4873969360820284,-0.4040216839818597,0.3341002270192568
0.47541535914766053,-0.18950400591387534,1.0667989738632286
0.47541535914766053,-0.18950400591387534,1.0667989738632286
0.6775739966350581,-0.0908067014042276,1.0052836501472031
0.5753337964505548,-0.16781178416087586,1.059688802461827
0.42333569859758774,-0.1275163433215546,1.1115655117518422
0.6916808308098077,-0.13882086307107563,0.9326470291518069
0.6901424160196246,-0.0890604388515075,0.9631137611167226
0.7908437349890038,-0.11145198628735586,0.8273809935177281
0.6506146238679649,0.053388741559936725,0.9946215021843633
1.0094332546937654,0.18363486204628296,0.9366208004725046
0.6929590766366659,0.05907029133056654,0.9967359155462074
0.4888587905602348,-0.05489715138207124,1.0401118246136452
0.5733036235762902,0.007539338289175079,1.0143831203602796
0.6834934325275693,0.0030206299017288274,1.0597386111358371
0.8083155937818187,-0.2176326238591766,0.8735025395797166
1.5073839300975902,-0.21776192161146685,-0.05375390782001688
0.23436621895277393,0.04524025964584641,0.39128886716520517
-0.4364357184494038,-0.22320694610186512,-0.29153790668523627
1.9786624659409968,-0.22827971021702662,-2.3461441652156987
3.2883855233341417,0.3515342251136388,-4.663993068727942
3.4523708417333374,1.3525095193292855,-4.30881802703155
3.1052996735106073,1.1191718573663132,-4.862623091455016
3.5065466316505063,0.6653603314174957,-4.919430836053261
2.880443629001818,0.36587953488640396,-2.207271667315667
2.11929289750437,0.9574700548715394,-3.7289853539813462
0.6597550189504268,0.4738333480922437,-2.0209096215799973
1.4622628447483959,0.7140557645740496,-2.0159346438447834
1.8643707314828308,0.7672621638232944,-2.931880653287896
1.123281863425901,-0.10550167887247164,-1.533463990612333
1.0394148901197593,0.0031502280247183156,-0.8202366507776782
0.8437080400450291,0.24437403973407218,-1.1067451913330129
0.8236410979395409,-0.27489063544505066,-0.12790346123476043
1.6954521734724475,-0.31585072623685195,0.8592235350294342
-0.34439087354867387,-0.08664691493206364,0.6811553743982014
0.5133103177242955,0.40310103836188604,-0.4966463042899241
0.6759336454793289,-0.30920037665489786,0.23993277592721152
0.48155934236629494,-0.4030210800969849,-0.07347798160928301
1.1290320204813888,-0.14391146626649698,-0.6140997875681862
1.1162838721410904,-0.610871918043371,-0.28667112653850857
1.1362938876113946,0.017038162525403994,-1.2457634028743259
0.6392961695700283,0.6810867456933631,-1.8490861001283112
1.106045330411046,0.5459095175770858,-2.0780957992796516
1.8805364255844046,0.3206898344862177,-2.792973648565909
2.903576618071845,0.25982951327361375,-3.3987001391148355
1.4896704121651194,0.11636716101851977,-2.6577777165925984
1.0786726585116946,0.2712193850833251,-2.845680541177682
2.2082097066784003,0.09081896580174822,-2.5731526743255286
2.2497431658900187,-0.1188703606626586,-1.2123642946433288
-0.11401970367617774,0.2962913173892187,0.7576368144451199
-0.510187585960465,0.06131516655681446,1.114860841752331
-0.47236441306594584,-0.3024175521034966,1.577502379841834
1.1463986824161865,-0.021083706688115267,-1.2985315365308248
1.0831697508049178,-0.16207799683838986,-1.853483877120495
1.4595763725882158,0.06988586225746202,-1.5852636248430325
0.9904113608523483,-0.1514287998588434,-1.644676980440852
1.5273883651765436,-0.1932545528918692,-1.4918971880204466
0.6309901699160291,0.10301607798557044,-1.6202854494698362
1.174008777598649,0.3250463296585224,-1.6178096609056196
1.4954611068015258,0.31773749572777965,-1.5187362913203395
1.6204768062084514,0.0976140771534248,-1.5269828841028181
1.8325797152663232,0.025054391539593324,-1.4886663467420813
1.1538822773141006,0.23200335993785878,-1.6137213802175163
1.274015788391314,0.10516437184672961,-1.5628583792512358
1.1354937415160018,0.20328038276242394,-1.6414689463971521
1.3167493930801344,0.14997280363780216,-1.660478191003138
1.3961477018460244,0.1678166090380644,-1.6330500445452414
1.243785470767186,0.21806707559904528,-1.6299798341068177
0.4172904457160149,0.1887393279368726,-1.6707097336424879
1.3880275973569947,0.15321177683199005,-1.5351263743733936
1.2500941439799278,0.027760575738767057,-1.5964565735555893
0.8184888843695008,0.2526811264809219,-1.7093319413163812
1.2808229660088712,0.06036547518545421,-1.5919181504181665
1.5871869517752548,-0.0751373114712589,-1.4583068994641224
1.4379830543145036,0.17035004951938917,-1.5784359598215119
1.4101426690144618,0.14119027602189968,-1.609408850065198
0.9231236312290294,0.13091852214084465,-1.664093475440807
0.8569734635430086,0.06890111633336177,-1.6515389052016145
0.9882917866602664,0.17401933660274063,-1.5746027851000917
1.1107806586801448,0.2711160934283675,-1.6195345354794273
1.1328267869623359,0.20917214779836077,-1.6134736265774263
1.445225846985463,0.1822042713863487,-1.5611371318971028
2.0323089430021732,-0.23144314313533854,-1.409270957808376
1.1497012395585822,0.2563645282121343,-1.5803146496516274
0.26091165517885373,0.20311647951810666,-1.683580403405088
1.325617896855653,0.23499074574878134,-1.5144241440963049
1.5923173427138835,-0.043980609654891756,-1.4834043607584197
1.6193048647501973,-0.0471201757196521,-1.4382089156112368
1.8271106134235202,0.07518068811112744,-1.440381781868639
1.1673015139405973,0.1715763141308481,-1.6196542988634937
0.7401188882101579,0.18905389781208953,-1.6998230773618908
0.9102185616182443,0.14360221480609303,-1.704089570605808
1.159893758325428,-0.0960461139843703,-1.6591802151645167
1.6932329542944102,0.013855799061342933,-1.5036756557658622
1.3113392950333365,0.20286271820038693,-1.6448051173285148
0.8292594003445836,0.1915314758392041,-1.6537660985290197
0.9597359744094223,0.2190991568943435,-1.6578534296185121
1.5846288038487868,0.11394128715903246,-1.4606148974633872
1.2334487006481683,0.03669859967521372,-1.5384923112306925
1.26487058204019,0.16479673702538467,-1.58809522692787
1.561394996902281,0.22903307918657395,-1.605294165872444
1.262356344565611,0.15309267132241777,-1.831808360685431
-0.1824695236045185,-0.3780275565931099,-1.6361022369123948
1.5978374667449182,0.0446941810167476,-1.2806099419152293
2.1341373440027134,-0.0819070566605461,-1.3954829343102257
1.285889474994952,0.03434371943435699,-1.6058022408950032
0.6755614863143118,-0.10633401498799211,-1.6852728516432685
1.2828587101186317,0.3105098457532749,-1.6176993521128236
1.4249137381373493,0.03706611305224916,-1.6361681056667898
1.146124470928867,0.27714106299309044,-1.586418309393755
1.2549171911066892,0.16061110265306405,-1.585279622223604
1.6239327422050698,0.11227611283761285,-1.5075839730985783
1.053746672553832,0.15451179492452366,-1.559710803489394
0.8007564684374657,0.23632741144850605,-1.5865484972411115
0.5623763017612963,0.2855398558921116,-1.6162145488829804
1.2150643265193863,1.0883955601894535,-1.6426834322638784
1.6798301083927416,0.8943225583885426,-1.3993527140355968
2.02254648704799,-0.6403229082954662,-1.9745819481149331
2.043242926005299,0.052793788242871065,-1.7836130664938077
0.44671361043534824,-1.3961080570385298,-1.417347863519915
0.46008734324886347,0.44610108371389257,-1.425823904366961
-0.20163087239951846,0.42449732220217323,-1.8141786898167302
0.3031860314933545,0.5442417582972421,-1.7209551543016668
1.5902159103513331,0.3185716653757593,-1.4840853193320125
1.6660414731987951,0.47911177253806997,-1.4822374467265662
1.2629964718840792,-0.04910530198094182,-1.591998745440219
1.4026973907444316,0.1061055581527946,-1.6016254964648762
1.1288143838155862,0.23304648795417698,-1.58919718457917
1.0953936083942237,0.38484451749271087,-1.5586949723511232
1.1397664803217151,0.3952848354941978,-1.6244379043653527
1.4258358557646418,3.404219433635407,-1.8167560831234713
2.391592237661433,3.405453305059663,-1.7552133026610324
1.7504706790227744,1.69409970786901,-2.2005550930474884
0.9241084379710811,0.9155741091453569,-2.2206432989325027
1.5557486162875285,0.5801572524113562,-2.0255129674874888
1.0211080931950034,0.4528672594285844,-1.8843135893492324
1.0909874982301613,0.4377469397325626,-2.049374810842138
0.9756078136293784,-0.3761460226954508,-1.6402124692191813
0.7163291254989621,0.48002413067236,-0.7842008866143577
-1.3056190726895556,0.369785006042771,0.30675074421676585
-2.0738216178902484,-3.0515662278089417,-1.6114189412579492
0.6428877548715631,-0.5071514398310536,-3.3320632893216113
2.5357329371146498,3.718072334412718,-2.4543169946424084
2.0182917455303784,7.794376596789456,0.9258530268823761
0.19539772273686212,6.862801433572492,2.6989547332030286
-1.0457867685437423,3.683781962751851,2.457832119397232
-0.39287281679986513,5.726600287868777,3.1484180282462315
-1.6929784411283288,2.64571621069757,2.9162107915697146
-3.312942036426096,1.2364456298395892,2.6666652222509843
-5.13299220479264,0.6123504767087316,2.4609892530586945
-2.538363119068723,0.779068789429393,1.1848778961453919
-0.5825435354189747,0.7764029244827979,-1.0634788684710796
1.0662575950891309,0.6220454755576479,-2.986740589546318
2.7774837051910883,-0.3057856413108671,-5.235359530013067
5.312403732556,0.06481001330311367,-7.309623508395129
6.053245397484269,-0.8313818482093815,-7.260987313529345
4.995412506180133,-1.2439746681834958,-5.802020895861685
2.9969948799965227,-0.9560266011883864,-4.2338964824763154
0.9304898581797141,2.2346459725840173,-0.9964601787302622
0.6224464903157307,2.7076766067272144,-1.1315846147521418
-1.7309799813013225,5.01666511764558,-1.3482684839683645
-3.0725510774769025,4.547512982346362,3.6065931611020403
-5.639315945350413,1.4728899641566482,0.5970978608429405
-2.3194752041733633,0.7342730613015102,-0.06373146877662805
0.26967775925232473,4.041174950349405,-4.117921473955061
-0.1781704967197265,2.0680876008911957,0.6821543793268712
3.275515270363026,1.5612141976110094,0.5900225831190843
2.037682606075672,2.599502352264788,2.1554209418352204
-0.9611781524152079,2.1413414217149818,1.9839890441057455
-2.3357543631243667,1.3380582167584096,2.991967620860239
3.4978148458854923,4.13800038306695,-3.2005546228496726
2.879204346126276,3.3689308681281056,-4.626877699298221
-1.2301765035970829,-1.048186592251438,-0.9355094465078394
0.2799753627397414,-4.1163853745384404,0.3650917139986404
-2.4730960581146353,-3.093561784137208,2.272728346684053
-1.1843362749619248,-3.416442592636277,0.9905387136437684
-0.5388364535737031,2.1641030744066074,0.5500939497036017
-1.8223246100476629,5.474137487605118,0.7178584806899244
-2.2659895456610153,0.7208944543494256,1.6692848025067375
-2.6730748791784666,1.6058280382461079,1.112793068097765
-2.4377404534050036,1.9336044545302138,2.448738639861677
0.07185439352682413,4.701830768879466,1.8596693140251075
0.02278904896651541,3.268400638650073,1.1514136339205836
-0.37696176606373255,3.7040686076931784,1.1602912547630728
0.09078861497026286,3.188018794027991,0.9015780820876297
1.4024091786369526,5.460864493679615,1.707227137706799
3.301332284102887,6.772488579863203,-3.7550868240427038
1.6688033907699515,9.802606659227767,-4.732202809960199
-2.9845281443556555,7.78144970352834,0.0832441004554465
-2.4119180872711166,8.160021183424035,3.4387078983649033
-6.676376964543944,-4.1839450742417945,2.4989229135409463
-2.30385408987771,-5.068924135388853,-0.2258031482149195
0.3313666794052787,-4.346352957842863,-1.6560624358401825
2.1160723577071883,-2.0100316014602364,-2.5810432135792754
0.5136840799089993,0.014668619107356506,-0.11629578414066599
1.4704653911192898,0.6665558490548867,-1.0990805398360022
0.5141352332291109,1.6383682514285831,0.30026598930224174
-0.6033091819152399,2.125476422721377,0.9423987232610254
-0.5187800866179888,-0.02171490686796762,-0.8250386730043809
-0.4282652649239983,2.1101129478256073,0.27022455948065105
1.2486170142958806,1.8153880414398924,-0.1306441785394541
1.8840649295405147,1.7804862186622634,0.16507116449211712
1.3376205552222145,2.6550230482759654,1.391184120164417
0.01993865711739709,5.206576847838902,0.2603647370383375
-0.6332776017193671,5.049511112476301,-0.727809365486233
-0.9036910962072153,5.65359800365603,-1.4243358416496859
0.707971203755235,7.957424944678389,1.0708161030580112
0.5950616334598996,5.763491630703214,5.844950668196678
-0.5090784772850803,7.6026062432245585,7.696316085387141
-5.0008778906522,4.848236940964576,7.085944926820423
-4.434493756309744,3.24903580186679,1.554016408403769
0.8310606241426938,7.458685499478377,3.579715651856746
-0.2515535980296868,5.60753406406181,5.2344898487005675
-1.212725521482849,2.334667213222832,0.45499298921375403
-1.8676342327628488,3.6117270423657604,2.614160374920356
2.1111618983863654,8.707558579215029,7.506975367572915
-0.5975212726935704,6.596773838303372,7.419794103951577
-2.4020898167656086,6.325755027709621,6.2586811263753255
-2.736348663689005,4.800837229229445,2.075205077293847
-0.7269667745934412,3.81521158438856,2.871438799027403
-3.4045821970406727,-3.665057110934411,5.870894436875845
3.7368269130393075,-8.211138321294646,-1.925154468813941
6.98971165672914,-4.411194494743476,-8.99830832348084
3.702713162146951,-0.34109931096566515,-7.890980722629613
0.6097999369092767,-0.8198153567668909,-6.953961396485241
0.6097999369092767,-0.8198153567668909,-6.953961396485241
-0.4778474919615927,5.537048844171922,-1.676987004325532
0.4407548100930147,5.763294064828367,2.105551111239231
1.03231532865375,2.310057499441755,5.192101680970743
-1.6598194684968812,4.308464339140916,4.31239750836488
7.65525961621231,11.588329690104233,0.47602513810889885
10.2979243729887,8.883514664012917,-4.236604774122918
8.026514194329012,13.082254380947491,-1.3520052147881965
0.3285816721464306,13.429061499670185,13.959357007012512
0.013509397974237336,22.987780286476394,19.293928005681003
-1.6762540798681203,24.919603465423446,21.87052255867871
-1.1286688990596223,11.413038648734352,13.905683662190723
4.874988237356709,-8.666925168536503,-5.560908215222828
6.251272657843883,-5.765270962763507,-12.806457447551518
8.9649817777393,2.170337579727163,-9.478463574928387
1.7025162402702714,5.301927803994376,0.9440450769071974
6.2123604691132615,6.995721450762221,0.9489618653464461
1.5444287669250552,3.777287408198844,1.8726825900313624
-0.1751089896554925,5.9010395616166536,4.06862143829178
-0.04084897662529896,6.635846814311358,3.8233285584839405
8.938930751694262,3.428633925588531,-3.9213964308299474
7.484868219350371,1.0502585073168367,-4.8623762419196215
6.960845837865113,5.347671215775969,-5.789923344786971
6.060303895401929,9.56913795403295,-8.326135362057615
10.233212372243797,15.079785824754806,-7.878612127281341
6.12702214658288,8.122172800939424,-2.5778678306779343
3.4443742963533075,3.885114892725271,4.731755181874798
1.4889454135174112,1.4153379624921603,5.723250147766748
2.4210347259770884,2.208439985096228,3.4287162081601448
2.0948649569163296,3.6435261879699254,4.246135170547554
2.0412080807089152,6.98566416886756,1.472826621405023
-0.16678033733439168,5.0358993093794355,-0.6040829934616785
-1.5138090271503932,2.523108725931082,1.6140456517151223
3.308877032285315,-1.257371942060995,-1.034117420624039
3.964014020542855,-1.9308143278158485,-3.41296467295606
2.078709913609394,-1.9745677088804632,-5.994704341839357
4.441431384732503,3.3572893798569723,-7.752988193988032
7.1204669876531,-1.6205632848949463,-12.569863810808556
3.225778759431039,1.938479928906858,-6.629159693402459
3.185977463909253,2.1949974837999635,-0.46425485960564655
-0.04686308429392827,1.9963135428154124,3.690278025032688
-0.5458696146993904,3.091491353256931,1.5718111976241826
0.45945090736696503,5.605632935864122,0.07835515355381399
1.111122813385482,6.104604074863422,-1.2953937437448289
1.52221818804204,4.887838948912627,-2.1535048288325855
3.833330793082535,4.1206669666513385,-1.1954129981840425
3.3160928327917745,5.810984286569037,1.5499423859103614
0.9306468560956109,6.33679728490893,3.1020919556732984
0.02493353225468592,7.489611480868826,2.747305881869584
2.8148119983608346,5.6323969852600255,0.34433530255674416
3.9935969099140323,2.9604841996865523,-2.9430997393792344
3.4405497426876255,2.735364990767639,-1.2248555337997848
0.1111415886711549,2.992255166840872,2.9158272448960743
0.6964879644274509,4.513255040711046,0.8579628156679936
2.882616811067578,4.784349492950165,-1.0497427410139992
1.3148791021185853,4.49280177776591,-0.3086769524349744
1.9874858708341236,3.4819930734505364,-2.7090369965411347
0.39892500855206187,1.8513225588219142,-2.0472834105458997
0.8251925953830364,2.611874804302473,-2.461312335325031
5.911160818147311,7.221043098781105,-1.2847514096154966
0.39076810377816273,2.47596722491698,1.8712063330615532
3.495032053248745,3.326498547240663,1.2302694987679654
2.7768959434376055,5.518406553970127,0.33323988357907847
5.584684106150054,8.83396755602516,-2.6085884112137996
2.4866211506951794,6.360727132817661,-0.9365561597649801
-0.3138107055919659,3.6066993014634323,0.8437347279395526
0.602682471407915,0.7671632787167677,-0.5743448494026893
2.263647462616329,1.169785234391468,-0.37319305949867027
3.9178813700339057,7.094993490755376,-0.6062322625637331
2.6170640934149727,4.379658973588492,-0.10692797554550182
-1.4510347671467596,5.44330678820571,-1.088944519020322
-1.6220981933346432,3.4432288691118673,2.6420865041653565
1.8765669489288002,6.136326694741199,5.528359199402324
2.183820153267929,6.30612832328366,6.61369622577731
2.7227653390087108,7.712874467433373,1.7679836181726627
-0.4365190549455019,8.937181203333633,1.1868448904807516
0.8925803927864685,6.566804717918135,0.5424062646539672
3.188702534269247,2.184265712772037,-2.783331902000787
3.698933225358497,1.1078898530603098,-1.435043357285918
2.5159918294835535,3.8364537483152903,-1.2008826110675028
1.5440596158565238,5.772308450425742,-1.2242417940171084
2.9658734702393676,5.510571322887872,-2.1944877579544495
4.985955204850233,2.2204977853931647,-2.0614186633124287
5.094087891964294,0.5714376717807277,-1.7819026156546849
0.10298991056701073,0.9100935162374151,-0.32456584848772807
-0.17723671339505886,6.180728954250147,-1.6477896797226903
-0.15966228002943395,4.862793406992833,-1.038190619916312
2.788628581330998,5.823292187846007,-0.5272715672371799
0.06709617796546657,4.4927420064077905,1.5713805560989813
-0.2507697796220021,-0.21951517302966783,2.3724331172753668
-0.36496876794484717,0.058464499251800306,4.454326439022955
-2.2015744746555965,-0.5509684881414134,4.516406829072728
-1.7953545097879462,-0.815370248182051,1.6304495065368458
0.8450659276829966,2.435117467889448,-2.961963838995463
1.9818460804286249,3.2763361208276436,-5.767418665737674
0.17010236777998475,2.4627385175041727,-1.4802096376371217
-0.5692011470615504,3.783911126630292,1.3048855049786696
-0.005980641335983694,1.9498829323751676,1.835035679922074
0.9943074541044623,2.3463071163134424,1.9355182686197174
0.44157032576886157,1.4899725994373987,-0.851721607954933
0.13989437460939486,2.807615200112854,-0.5640869177712438
0.6030766958151248,4.339355539516003,0.49451635730716037
0.32806176652165253,2.4962506747423814,0.3539326666926188
-0.9433579363200035,0.9704057704491176,0.06491805577654274
-0.14073629857251557,3.134048746401955,0.5947790970215989
0.6067944612630158,3.9074339539708367,0.8477730010484001
1.16931783468401,0.8195346998691565,0.6550005679865158
-0.5674911062282763,2.8055128072597393,1.476397136843639
-0.0033855966548606287,4.230102532032739,1.3089456952100602
0.022116996278542134,3.7698111488078445,1.1194393556991324
0.6858379507988713,4.047249607074173,1.3598287087007783
0.39473879034260556,3.5853648083506657,1.2500463999291227
-0.05640511782208718,1.778219313928642,1.6875474053319883
0.2833944818549903,2.9314325257077347,1.3495127772062716
0.19068844500529908,3.902048153875314,1.1793948799427438
0.5245619725397253,4.531111295972877,1.3123243894157952
0.29975855970534937,3.3967573270404983,1.0885241351064758
-0.03885149992631862,3.2948003666234746,1.0825192507970003
-0.5752089337526501,3.5959350184587535,0.9171725423648608
-0.9111125563324046,2.2164293725625974,0.3274986570291214
2.7894897420008262,-0.569379747905219,-0.6388961581569624
-2.865230512443839,4.531682608765542,4.904846576423443
-0.14843905354671283,6.930042749234791,4.142132531668167
2.1636126644513185,6.426460966884322,4.863982855492845
1.9575643733468653,2.533576840896221,4.691232769264515
2.452636779711286,1.4993561247857072,1.1207401188682993
1.0246476559798428,-0.9263504231793442,-3.086035205083708
-1.2418772469053732,-0.6931859236443685,-0.6384765815859088
0.5973757418549592,0.16250990965079953,-1.5339197480498992
1.3927802206360023,2.6473062869901547,-0.042695188998881084
0.6524595034885595,3.573524907997041,3.4798884581892016
-1.5073834389154548,4.268159768850981,4.793134611577741
-0.04971360969184943,3.744372736685472,3.647771744767117
-0.39840716001692916,2.390506234558871,2.574184050344041
-2.6026849129237126,3.3460013153832877,2.5876778075378626
-1.3834482045173913,4.494670685305312,0.12644073110425574
2.7586163428807176,6.997672940159333,-3.2962907904801333
1.6499378077932603,4.5494600310958235,-3.408121804441043
1.4084445006528303,5.0575298982393395,-4.321634543683277
0.9955053217241768,6.566892663564389,-2.714015933467037
0.22824104756034763,6.386042161942673,0.396604391563657
-1.5686443021638359,7.280948077345131,5.60762516383817
-1.917792243873604,7.008215479602835,9.442670655957258
-3.9848427999945173,7.370739004600868,4.094680939333178
-3.2194652082849347,4.488649830866058,0.04947800664452212
-3.3415204411335013,3.679468510799539,-1.943649339695105
-1.65030882487155,4.3397728232008035,-1.5270805335120627
-0.9086258406342869,5.4303392726564965,-0.5920376090672655
4.530181650005397,8.490201141120366,0.7057076104686061
1.586770702249686,0.16137440864830443,-2.8848267029243484
-0.3443642472839038,0.9599882398398127,-5.559824930518354
-6.447778494710988,-1.1582578424123058,-2.1824345532097924
-10.741082506432283,2.341618615902977,0.8719777176142813
-15.215729373054305,9.15288552018378,1.461091820782619
-17.82228621797563,23.80979102000042,8.939875691979031
-14.933392317448895,22.334298655102817,9.39154714286392
-14.543517471192807,24.739383591634464,6.139935225851424
-6.532255210793715,22.311220206623716,-1.3209857111088437
-5.769770391302978,9.576875996532332,-8.31449144024881
-1.1105492911373227,-11.70347450384769,-4.998950923817433
5.169383771787544,-25.666895100164858,-1.0154494913860292
7.180032254797195,-21.25683431795033,1.548816513278283
7.727761106137056,-17.02505239206553,-5.7772935517881825
7.282891699941728,-13.59335221384384,-10.422981606489238
6.029791242162961,-8.210002644834816,-13.997221934261646
8.116431969095514,-2.8854745194099722,-7.9517434766068185
3.85394959398959,4.696418080731349,-8.46514763280352
0.5063141299852436,15.966369819304795,-10.360515123407385
-3.295879518293078,20.055896177673468,-13.278379131836022
-1.979746654056608,17.201942189771653,-18.166840099500956
-3.449008381750968,9.948581335064723,-5.175201112423882
-4.095349152965858,7.602299427408189,11.427208471440327
-8.846116829971638,3.153340468963603,21.17180611368057
-11.802924941145301,3.595447935132502,25.193653634923205
-13.806321454713027,6.666348421343089,16.20940283221123
-11.622903156356609,7.973057374003709,3.457386422554548
-2.025254636984698,6.408276904326378,-7.294142021745353
-0.4370354045363233,6.186818967665562,-8.969721826155887
0.12456677664785099,4.573199428040419,-9.4275860618507
-0.9633105547619262,1.570626341468226,-2.785476161822187
0.07996898896740645,1.0789563151162902,-1.1261748015956847
0.04616294520580466,1.5776442494842307,-1.0251922517551746
-0.3127636877829063,2.8012106531960486,-1.4106601542583306
-0.731824771574391,4.205142643797304,-0.6865748327396446
-2.0286297533530386,4.793133904136278,-1.5119820216309938
-2.572783904832468,4.640703042207514,-1.568325722847135
-2.291938305348966,1.8705341150488726,0.12223112834382452
-2.010062867888183,0.9777395353757721,-1.1394409806820742
-1.8305328184386283,2.179088009625454,0.6768506953033827
0.5588259412582071,2.9678690165017407,1.530145266515831
-3.138455401266055,0.20469485323799566,0.46223595219116703
-2.0065506605972283,0.6379598715945537,0.9858782345141199
-3.3869311498261694,4.652523585035819,-0.7575417300605313
-2.9586079652375683,8.31257900131421,-1.7889799084971005
-4.446153616376781,10.710098720596704,-0.9863294755504752
-4.111573076899461,11.799591285287455,3.1378055414915047
-4.916048285349641,10.29698315437248,7.735739296644844
-6.348447326557591,10.13984632138189,10.123680658863917
-8.148991158558779,5.336483011469602,10.879871793841055
-7.169180434931073,-4.40918884691185,10.09800292807244
-6.862514468748247,-9.676978282263148,2.085044694317183
-3.676576023175409,-8.317469680989884,-2.595121364146581
3.5195916717116615,-3.694230093543063,-12.526518161512668
5.136749334761723,-0.7308269659996003,-13.700013581282812
9.843815897852759,2.4065961867709964,-10.743626848918828
5.564221416750838,10.000913627500449,-2.3749000167787297
-0.7457299072047451,11.473939818432523,1.8195584716508932
-2.682758661923227,7.792217067156665,7.450418847040924
-3.0376276563198434,1.111229561020901,7.291345051640257
-4.27080477123828,0.6342046682101475,4.16575149279119
-1.7546515879572988,5.058859098665199,-1.2957759079701159
0.17245011028860058,7.117092383372107,-3.966755962517187
2.195548990343073,5.56495062190072,-6.960355188668801
1.287416232859817,3.468930122055508,-6.674075637207019
0.6812055795342715,2.940413580100834,-1.3274985566175546
2.273322196129203,3.4387029210357363,-0.6608067168039959
-0.1021806426234595,3.063585221907752,0.08099132922370789
-2.6236414269435233,5.217495250282446,2.973070292386721
-2.455509894929017,4.229749674204254,4.877044703200723
-2.887245275142585,4.128488437564895,6.719070915141766
-1.7763275002882812,2.7813621545228986,1.9782955347846174
-1.8271235330294522,2.6472337320516592,-0.1431211108517339
0.26929938088398986,3.851387230764776,-1.4709955732668132
-1.7247523630196082,4.867328051365398,0.7227943776815837
-1.8353328475417068,3.749949670096141,0.38538916980129867
-2.335391172319406,3.924603143870978,0.8200240133600701
-0.36754210929218634,2.4474540395979316,0.20658566744178633
0.6739599327563591,3.1255456075487023,0.32361709547615
-1.817972360403588,2.8447131972556585,-0.19672327941673806
-3.039752648927771,3.3231134387844063,-0.10194550750681114
-0.8197745401204348,3.640745521828091,0.654819122491116
0.3826213581305155,4.336342116241976,1.080225391579052
0.9741609058511868,4.428542725708359,1.6199931618073173
0.3734388996513221,4.615691406203421,0.23881131352703322
-1.7317609316830695,4.4548060467070965,-1.1358760224351403
-1.8554268987578437,2.2857720026738795,-1.007159113083202
-2.3260418031805097,3.2996308197499045,0.027249515465387397
-1.0003416594965464,3.7884503127575018,0.29839195157573384
-0.9815993418728749,4.323085577537987,1.3110264034385763
-1.909009807200519,3.7760924050362377,1.0023049228600633
-2.227666866573083,3.5824212627510423,-0.31272778976781623
-0.627197695655713,4.372768178286201,-0.8651760408202251
-0.069704943719754,3.2123478253876128,-0.6079570592507398
-0.8064517851850458,4.257901747533584,-0.7223192257597302
-1.271412018417335,4.6228302432944215,-0.320360622244898
-0.7112445857026066,4.448820624166623,-0.079081897233723
-0.49729079955031563,3.9616861084766057,0.39954140212559786
-0.4583303976127723,3.949483183372637,0.19980741954991504
-1.1471930743563077,3.64404229228599,0.12722879023004152
-0.6893502386675127,3.746581652930042,0.30314415703497816
-0.6635569543881057,3.8044750667814617,-0.08803880467150754
-0.4976071412905343,4.219086511897352,0.09360895730442198
-1.3853755326965689,4.710652839850373,-0.21597684632138003
-1.4657760752001758,4.275737853542526,-0.24223576814288345
-0.9167042935954594,3.8651721509360204,-0.11686194485387824
-1.103504316369222,3.816875344477563,0.08969818738424734
-0.8886564268535969,4.19623301473565,0.16647599459689072
-0.9501208092518915,3.964844976799224,0.06253647822319874
-0.8715164462397695,3.969586257590964,0.011215114757624323
-1.157112252201569,3.859494240609916,-0.08647026875545899
-1.1846532520524429,3.646398361574881,0.007747104416268635
0.24203272861148173,3.344147981458925,0.2175425256550011
-0.33046585796019873,1.7397914770171488,0.3964136400974822
-1.229177522830966,2.029874971515076,0.21917213636191102
-1.5193458911440165,1.5300773920739497,0.44151668431106905
-0.8438918655550657,2.194731637718232,1.7499764185557873
-1.9030544779355572,2.4506380960554965,2.8080696381123875
-2.4119840473345,3.144369418307254,1.8860529218843383
0.6104999530781476,8.42167798155006,1.1278201230702483
1.2506411105675168,6.374101820798955,2.3679379523557276
0.5254532080760719,7.297567794203415,4.97244265588167
-4.5783356324973425,7.763954942435684,9.983170538609778
-7.517776443622004,6.855519061370726,9.429114250906098
-5.983231746020955,4.429613140270094,3.057711083239616
-1.1146642910947813,3.201458281006773,0.327202287554954
2.0191979106632996,5.248983208587253,-2.1166458892816307
-0.36614039551636013,8.996491066295928,1.1436579614520705
-1.189946128170234,8.49850171253252,4.600002406244734
-0.5624202451012121,4.526022216476497,4.548926867320437
-0.9806038957190334,5.9196452497147085,4.764594773896899
-0.4244767261507051,5.431184007163107,2.889048300070597
-0.6523711809263434,4.1323606713383985,3.072576649997924
-2.576401740650496,3.2323070943506202,2.3710204720121766
-1.1863846113103949,3.207309805089165,-3.4564137449939047
0.9198697190064633,3.8270802980622896,-6.602865494093812
-2.1444452461369434,3.7391114731155213,4.414679640327279
-3.066578982216846,4.469599956335277,7.397072300219425
-2.4794742339831957,3.8046407379189606,-3.0436835652144834
-4.502059056894706,4.766925263987186,0.542127018350146
-4.760661965708205,4.528625907789547,2.4557273004869997
-2.4688476742276366,4.129152214432938,-0.2544977316838265
-1.7750601232530818,4.022284871120577,1.0179239224376784
0.04329731064838005,5.008539633799524,-0.6403390363286072
1.5256015131541392,2.6542023524631486,-0.7923839127010682
-0.8619704250837423,3.0138665998923755,-0.8822552942137001
-3.0308281626297306,3.554701240575611,0.6595584808430932
-3.404285118980648,2.0436799180269594,0.5224429322312445
-3.494661923704839,2.777025146366181,0.9075456604073334
-2.576351037786871,2.9704805651235535,0.17414098012540963
-2.713447076574466,4.80917193833549,0.10672657493555279
-2.608731288819489,2.610491467474432,0.46441373036370875
-1.5459795365526892,-0.3261104579117258,-2.8543961940282547
-1.4841065522601862,0.6857402497755125,-1.1539126271067126
-2.435736121542242,1.7445428307816409,2.7673489690065702
-2.7043193162314845,1.5552717841102282,2.8093105055569674
-2.090280738229875,0.9584172714491446,1.3017548255463387
-1.7497131211859094,3.0197016901983034,-1.376922956030892
-2.552811895515947,2.433733447915082,1.2948830269987215
-1.678186390478014,3.1584168767137957,2.470881820097444
-2.395585224957719,5.397649167818538,-0.02541413713627222
-2.5506343696259135,4.850096654033102,1.7220421865594782
-1.3195995884864413,2.330622885061313,9.076945034937864
-0.3084068966161605,5.521742682268392,-8.445373388369111
-1.0364096214543477,4.845376060547273,1.4715552405723216
-0.007366573366415108,5.297136118484472,2.122090955754802
-1.4647032185992375,4.4023548328263695,1.7284874857456074
-1.503417364715436,5.117727871553685,2.895294578472457
-1.4301465804136055,5.293875691032385,2.661463329026043
-1.480775414238376,4.026818595730109,3.3547327979401964
-0.3991007756098666,2.347016156720681,-0.8201125580717504
-1.4601451712326172,2.5773375587264122,2.0884279358492055
-1.6864901221609818,4.017229671436903,1.875867588556552
-1.7246676014469404,3.546382734277069,1.9777583758206467
-1.480786722767368,3.4679631663410184,1.950960372197832
1.3952746724574339,3.256268945468786,0.4295539782076323
-1.6925618012542214,6.3452222211638025,3.403913307672534
-2.7741878707781864,8.12781181417296,3.8424420040268634
-2.6974084117026065,6.881640077046343,3.145441651271383
-0.7780961706442586,1.963812607683879,0.6517730816881044
-4.0044971673740735,3.9724991016381246,2.5568778619405026
0.19868891277181044,0.9601534967280921,0.29569077779913466
-1.4625386447357158,2.907562760728401,1.643981301126345
-1.987674304860191,4.3012289773299806,2.344233679818236
-1.316350810205658,3.9153524952932424,1.8901331880482917
-0.8710876337075614,4.108332049337108,1.64293938400604
-1.745038845172961,4.703677196782669,2.371578943343504
-1.4160000933799493,6.34652272462062,2.8271497040205653
-1.4736805346712263,5.266069306564582,1.8785243539058114
-1.7332127439631335,3.711432499900005,2.3057277007066745
-1.7706178526512497,2.2653291828509707,2.156305953531201
-0.7744888377944349,2.692271682990612,0.947508065866585
-1.3006496235401777,3.4047762604269662,2.104926901238815
-1.5192317686275807,3.80470913446365,1.7639551273231977
-1.4011896741583034,3.804103280653684,2.2613006001253
-1.342658307742784,4.281669414004373,1.5709477753669248
-1.2113182003393965,4.0902616317992635,1.9094902162731162
-1.7339964879424437,4.261563501133417,1.912288350061879
-1.7583263230436275,4.215823337041064,1.963620791471242
-1.6224376047426343,3.772876743163245,1.5749139177896379
-2.313855868249239,4.066690013349216,1.767652473165017
-2.3709340585745506,4.406252588395521,2.1804754593617806
-1.650040785996619,3.999379292366461,1.9847102547573752
-1.4622192736816368,4.070674498959084,1.260220673801507
-0.9254472474177636,4.192366804508007,1.536092634636539
-0.9717731616068364,4.26615979596852,1.4129199733438533
-1.9444222556764506,3.974555673014976,1.4866328662222266
-1.8577853873153978,4.213516715638108,1.8322621990852856
-2.0088527052901037,4.290518367380557,1.749887815799575
-1.857126176320423,4.123653750761405,1.5679900964685238
-1.7439577580280927,3.9908570947693747,1.6313780972889045
-1.3780479967601305,3.7801491800081894,1.5022196620808845
-1.961273557578901,4.096428267568427,1.6800322760763082
-1.6708438063135083,4.0446293577707495,1.4062612753458041
-3.0766159038702825,4.344265142263787,2.0532383784673094
-2.256907901954456,4.248192422693072,1.8063350761889791
-1.5478383735984504,4.0674251770603025,1.1328879987573435
-1.7404299724740584,3.7956532495897637,0.846846388165355
-1.5381950798464077,3.899688782607325,1.27902561700829
-1.9277870017164622,4.132713773220394,1.2775269047332358
-2.1737314393413176,4.1641569943228145,1.6311584717304641
-2.1332750192916166,4.072322711438087,1.6144734802619078
-1.481683555687483,3.6240742052318042,1.2464019416626224
-2.1036141452284842,4.024929099952735,1.453369125647187
-2.225981373909012,4.18096632344336,1.4998834704803716
-1.7894512774831808,3.979174135537506,1.404620502764215
-2.1960167564757502,4.088364413346221,1.4904069006440102
-2.466972881201852,4.272831219096922,1.561108308819025
-2.401671800624888,4.235574890339952,1.5422113003424511
-2.151436496353956,4.1337305079620155,1.4584295412856942
-2.228310783698622,3.9928074203675696,1.3613712061092316
-1.8784407445996956,3.928779975362831,1.2829665097393088
-2.136727421415495,4.006139437253843,1.3827760124529254
-2.2973826724121658,4.248679559414833,1.6125200518882163
-1.8141689271656274,3.9194177237479537,1.3523425652607084
-1.653837022161794,3.9576950473294543,1.208374579665521
-2.257230647252601,4.151315064627585,1.426134763504784
-2.030080882224338,4.025495976910735,1.4725342625249305
-2.474207401887707,4.258464178522925,1.6077434536451078
-2.5399413078836837,3.88165893255794,1.5590320887425868
-2.379316347189136,4.030108823277848,1.6893213887824927
-2.096173435259565,3.7016425198310734,1.3546088920859152
-1.7347450462101013,4.231239336157154,1.4508144229430027
-2.1929057003779855,4.128830451533887,1.427291099340322
-2.220335343985606,4.185929579816052,1.3892296188964308
-2.381891963184744,4.133383235968691,1.3088404890036405
-1.9904068835307416,4.267502702671846,1.3523540264309657
-2.122051862301249,4.130880429849891,1.4879737027746303
-2.1854779791896757,4.15479627182699,1.4024996391723967
-2.262175884984102,4.084442643438019,1.433231581343981
-2.4867093044908297,4.188248818489624,1.4555126692652594
-2.2886404973332066,4.023034900529726,1.3476201748525352
-1.9888211999975682,3.9397181198845064,1.3690259810839802
-2.2846283835882657,4.188270008357537,1.3887498557592042
-2.0417900907652733,3.9072356718840164,1.3962471427907193
-2.566646568310295,4.217096953900624,1.4896019685772233
-2.617508424473682,4.5356134037475995,1.8145094209262587
-2.271649787836438,3.7693719886663932,1.4109480446130438
-1.924264286060695,4.0260742565598795,1.1235353167228732
-2.3298976238182694,4.071841150327531,1.5519852404147996
-1.901930890176578,3.91916409514535,1.178737859028554
-2.1889466987756667,3.9179001002891676,1.3759350778577617
-2.254483082299746,4.079196734083993,1.318945380332948
-2.187135437050612,4.052978936344202,1.4776688151921524
-2.4004274035840725,3.9588454265187645,1.3957636144275072
-2.1080608073074396,4.109047887303961,1.3563083962611298
-2.1519134070551704,4.119115147060128,1.3736962051956185
-2.360608604234749,4.09442771803219,1.345579099140938
-2.311200372092787,4.011185033301885,1.3853798612648225
-2.6741690035838785,4.046618288099674,1.4741087765658452
-2.3090993755092715,3.8009649805237284,1.2197337693335304
-1.9681949051148169,4.019525403274535,1.2535081836572954
-2.3212041489154323,4.182590736171044,1.503241877338577
-2.2157893778577558,4.11436682731555,1.3826154891078302
-2.503481087704211,4.088449518758668,1.4382057317316996
-2.3841332792614076,4.032545037719209,1.305163412249989
-2.302271456255659,4.101301705135379,1.3704775015778001
-2.3665920895356973,3.993818026999213,1.3472759878638683
-2.2725423557303754,4.045239614368326,1.383268104487691
-2.2833774346817766,4.038451713121467,1.3744023206149836
-2.2422470745736165,4.026475941417796,1.433453613704601
-2.3937666932685184,4.081027539006526,1.3599645633466408
-2.4425924540774715,4.077060063604876,1.3984094060550978
-2.1912160787744774,4.068576428642887,1.323794265279076
-2.155138002932361,4.073445970786874,1.3989693913199126
-2.228652550914933,4.165924850666347,1.4393559075110816
-2.3120546483458453,4.155251904942205,1.3837201500900762
-2.23156415098115,4.108283568874129,1.459193811183374
-2.315138465132482,4.127446578327613,1.3543010951886658
-2.297905664866096,3.91548410647093,1.3314917993341135
-2.254561951517723,3.93267292490038,1.3537591498976373
-2.0553620081949098,4.1498001791839725,1.4542578424857753
-2.3935779436121942,4.079953561406055,1.4095909390254937
-2.191257517495836,4.11885402156614,1.3536554766806095
-2.729142334009735,4.063663237625262,1.2677421997501541
-2.1548886459470262,3.7860778713801677,1.24104396452287
0.21798936100449645,2.8882017668279896,15.826847438407572
-2.558637590474299,5.468218672140964,0.6000977722072934
-1.7807208969168669,2.3522481705169147,-0.18141080273280374
-3.130888682890017,1.9572576380769773,0.45915397397603686
-3.8132112896836006,-1.8396226326203324,1.7978245725070785
-3.470847741791889,-1.6176724443132622,1.6688031797927827
-2.062339086034001,2.716009901233697,-0.6544621009269256
-2.603033328082743,2.1076866427872507,0.9008929364745347
-2.5226277830581614,2.548394832166588,0.8610706455924201
-3.2861062382668416,1.7405444745394636,1.2702899333091844
-2.0759236874633844,2.5113869955717774,1.358194383715373
-2.61463985707832,1.6596946604916,0.21070564050434873
-3.4408831235319925,2.1334850337010764,0.04486960371506321
-2.608641779907259,2.6345057990972434,-2.638121275207667
-1.8783288350603062,2.638898438334012,-6.0576437172479105
3.6527931829062816,2.235087096591776,-8.69902847875854
5.33228690086162,0.9895475862195235,-8.680527954137013
3.257065243707093,0.0289767274232961,-10.311901437722584
3.502223933751692,-1.1926933040893337,-10.124039564739004
4.326167519802464,0.10478827652405787,-12.537611183487913
3.0911432868046576,-0.7126491936040587,-5.494924700006074
1.6674857293657765,-1.45233700931475,-1.6883727354412859
0.21580134401935253,-2.891702417158488,-0.6430380177240735
0.0060383275503838735,-2.1078925500661154,-1.6951065787813746
0.8772597000999557,-2.7687519704209738,1.2825258594140974
1.2508932979000515,3.0062712699626712,3.1671756134821885
2.685994210223202,5.9891013718076875,5.75180404964379
-1.4565056044441265,8.212615990106912,15.882014034745954
-4.447219638625048,6.602910684778134,13.921269028175914
-4.72289939901134,4.348447943333412,5.8702984497714015
-4.5087618758718,2.9804720430489624,-3.112418527743764
-2.980370929086928,1.3350369627384604,-4.016627824399833
-1.2835099323994221,2.2892486637811684,-4.063991967196173
-1.8328002927095417,2.02242581098123,-1.2496408714750695
-0.9505693581620175,1.7081035150111987,-0.5523453084697815
-0.2595695658283904,1.5263926910264787,-0.5294378359843496
0.4300664377319874,1.2424740580796696,-0.6188133082796257
1.5891844668731971,1.0107024335695933,-1.661590884310746
0.6356153482289031,1.490331464560922,-1.3209736603720539
0.5200716979582589,1.573470053335193,-1.0109522989173936
0.2935761242033994,1.5345924712696115,-1.0258894882497507
0.04133362730782869,1.7774834604203442,-1.3353951261762
-0.12766496763278526,2.099953990920839,-1.1249553179851592
-0.02924656930539038,1.959622841877553,-1.3376080032967643
0.39038831797603346,2.010997403745886,-1.5151181566009633
0.47189418851877285,2.007567644167803,-1.4658712170200199
0.5293268646358087,1.9892803062093947,-1.3295816250393142
0.2541868690495011,2.058011637549177,-1.4246489638265363
0.06361906104927097,1.844698509556715,-1.2412474096475845
-0.07543808373177296,1.693556282300091,-1.1066287139169309
-0.13145185748162017,1.4435040438444282,-1.0957478535548604
-0.0014933523418280137,1.477114124727346,-1.0094938357450727
0.16349737695812103,1.4733722423413833,-0.8767241967761464
0.4025535119206077,2.0085376471258107,-0.9626434735009475
0.662286236216051,3.151218132445119,-0.12633462731528133
2.2929897542885116,2.6876089370835095,0.11940247730161421
3.239366578462746,3.2112493260092547,1.4895774404532514
3.496489514308011,2.4899660540148947,2.6376919728152073
1.4593715331347203,-0.7323378084297383,3.579473188696103
0.1563017807779541,0.5664788385603734,1.5480573682410084
-2.8374422917191726,2.5808415335831025,5.007075680882554
-6.295682627233634,0.9779683147644442,3.379774140830655
-7.483765372314689,4.166284558555924,1.7337281395695026
-8.350873456750922,3.625747255704739,4.504572699686155
-2.5221288701311613,3.7956512312361887,-1.995673026394508
-6.027906958794283,4.458176495943365,-0.8903481189026028
-2.2192797145871554,5.327060346149327,-3.0977265601893387
-1.6905006672802858,3.4416742664191835,-1.9827377116160125
0.4718032892813115,1.5478239596862038,-1.187288012898905
4.987115460369447,1.3587473423973822,-3.559077809047502
3.86068304587476,-0.02103258392855467,-3.145887478622865
4.432006747089304,0.4409833670104289,-4.1334457358296195
1.7359556465596102,0.5037695763400921,-3.5785132020878843
-0.6311918371836409,1.205351897428578,-1.2335076531872444
-0.7608716617286644,2.392019987840733,0.09170801539586482
-0.8723662015290081,2.1689872246739723,0.9209895318040533
-1.4486310333042367,2.0707448494330207,0.8401656220594578
-1.3727701756469777,1.7784822112381917,0.39274917992402947
-0.9516236383056065,2.097129530478309,0.020839406425866486
-1.054992350771687,1.3720026508675143,-0.18445083117317332
-1.1051210168460048,-3.0252683515128505,-3.842582706964259
4.185580673152739,-3.984964732596569,-7.749518861572155
5.310265156743892,-6.641418485830886,-9.22738588022177
5.263908543153343,-8.14039565096711,-10.18090811921668
6.533515724344577,-8.325463167638674,-8.067065235755958
3.2366908275784496,3.263259839222694,-3.366705307909434
8.256751643344252,7.232891223192145,-2.924621301372866
6.65543523539427,9.041903167857008,2.973530589669065
6.078958767657771,10.676621355732067,-0.6191282385308698
5.306622337858053,7.132553163172297,-6.773786395518104
4.9158929484665235,9.55486478438148,-7.691635234544955
4.060833310732625,7.454409935890825,-5.784698277382782
-2.877650349250759,6.5521873360881235,6.072531839100078
0.7071617462127504,2.6390634071029284,6.035939194870137
0.5232483272092016,-3.7136336109513235,7.831851551920811
-0.7580225138232098,-2.6012487995842344,7.133613366313375
-6.441844630466903,-0.74550616654169,-0.506367967666488
-0.9980628059978586,2.991238209903193,-2.705588191467493
0.23237342467015865,2.3781098182400675,0.23917740171554241
1.2349228876736018,1.8969677067662842,1.2572827367107386
-0.6055383366938475,1.6351572396108627,-0.9046212218901841
1.4516036183469327,2.4239410476723124,-2.3265053659865575
5.093503915557108,1.568972739603811,-2.1843031587249695
3.705442723334289,0.8717526238924935,-1.4056829108311952
3.2905192071451204,1.9204670133179351,-0.837540974731029
3.2303627740099334,1.5967019674934309,-0.32346116280622805
2.907878962382818,0.9520333056783162,-0.7828126269682133
2.251656368032609,1.4055226482134624,-0.5500670714361687
0.76471357601363,0.8701663137810803,-1.0633162623477097
1.2044844359923532,1.8275113883707752,-0.8256236706540482
1.9391717926782057,1.443118552194174,-0.8952378572472329
2.0302062558955507,1.2651470106614178,-0.7608929186278346
1.6774790799644106,1.5116924733809611,-0.7444553125385571
1.9938993713433029,1.356456601183893,-0.8840436158198381
2.2384055731112125,1.4465127584740545,-0.7945811286430152
0.7800007172816457,1.1949548105558296,-0.7838440689942549
-0.5955867994991262,1.5920630302266745,-0.06026721901954535
-0.40921193249308935,1.763377284964026,0.7717171939311971
-1.5346671104807257,1.6977420967985302,1.6329924985745474
-2.4627015695891727,1.5429460551024166,0.740320296765527
-0.8100599571716258,1.4371262685535882,2.524973545627458
-2.1774903450693612,3.123567790116029,1.279286493302123
-4.183874495241492,5.982247968089727,4.501984192322003
-4.545022972634193,4.558483399688813,5.508890316813403
-0.2816649882503233,0.08433829682983068,3.167374798632921
6.027705487432016,-1.4934964645875966,-3.5444630997679147
6.283603296169187,-1.8161900945359686,-7.636392914431
3.5424525152112283,1.1901646832417865,-5.770152103688376
1.3007735221091246,2.241887788861746,-4.227267385512835
0.5043249563393803,2.3198911157686855,-1.5268672671596857
1.5701418735957642,0.9933842452410957,-0.36623683164315435
1.433134069787778,1.082140373015462,-0.474863531586737
-0.19967134946057902,1.3986138856902999,-0.5968315091179304
0.2420604390797278,1.588043467617667,-0.6147556292658836
0.8763712758999637,1.407315268632748,-0.7858271639560089
0.9826462923118793,1.3714495268264972,-0.5777979717162476
1.0281960209669891,1.1971760498888815,-0.5130577768750851
0.38730666715191536,1.4285571895505123,-0.30480164683950245
0.5928395535519306,1.5293943110390287,-0.5322732376940416
0.7520749254516877,1.504612954961579,-0.7558582805066274
0.7305098019825476,1.4971299230235569,-0.8193685974720222
0.46332539555692936,1.428139085627508,-0.9979194988182427
0.6813570081778557,1.4994066555042074,-1.0022832312265777
0.6042785741684111,1.383584864063863,-0.890730241730772
0.5920782495274189,1.2737120881560648,-0.8452517412085018
0.5625869973941655,1.3533665116847429,-0.609304056991502
0.5016017937036167,1.3891448563864581,-0.48569835210412926
0.9773181869160105,1.4958021114855515,-1.0465489197297617
1.1577906571046037,1.310567693655917,-1.2331534181475243
1.0629596465809446,1.6452639613175921,-1.4652272049834267
0.9111556471616205,1.7107419820536878,-1.2148849645676696
1.0335762929904828,1.361849674864445,-1.0742800462309114
1.0790816946477768,1.4976000852334725,-1.0331080469791756
1.0465312847127144,1.2170594630917742,-1.036446032434078
1.1389285340031148,1.1721606794155035,-0.9861265288670702
1.5371509844042133,1.2867947811057374,-0.9143932169555729
1.2313519297043232,1.0500066352843613,-1.0359018464678627
0.9436594521720317,1.2847084370170951,-1.1173583770353257
0.7557291879130604,1.1885574063782884,-1.1698294819607942
0.7749159726976237,1.0350923347170546,-1.0949322863528508
0.8919169132596413,1.343965716363436,-1.1810659703630444
1.057201876598158,1.2040082148200155,-1.06108814289768
1.3527034769249215,1.4939456922367387,-1.075053016758698
1.0263033844509442,1.3146656431345467,-1.0691619223482465
1.0152210286475862,1.29598709124938,-0.9761638337810181
0.7488510851008194,1.1231765087870924,-1.1048522814653952
0.6208273937586997,1.237804245387824,-1.0996383062597008
0.7955998264893798,1.3082990330340483,-0.9881446229882742
1.0991473383014958,1.3577705147155288,-0.980021533672526
0.9367894266043049,1.1243913378161552,-0.9906126587941373
1.0596464984700096,1.247839155257533,-1.0168850533653409
1.1262501934043445,1.313597925762479,-1.0476551613849294
0.9947939475999783,1.2381473518920143,-1.0544127696672512
1.0002972153977847,1.2764820286808964,-1.0364471302246903
1.0354720344553168,1.2770098737504259,-1.033060825283256
1.1790138745730578,1.3028379296138097,-1.0324504040167486
1.0234112367166686,1.1994824101683192,-1.0910219409241708
1.3456787718753873,1.213941820452665,-0.9883850328146662
1.7245626058445918,1.0991212769048215,-0.8779292538954752
1.730743107859976,1.1144732164536113,-0.8853517014048564
1.8461207205010763,1.4182954191737256,-0.8886952118552617
3.5667806178226056,9.777293983879943,-2.8296039247098177
-1.1727270989654508,11.0251797064525,-0.2162477520012676
0.011526966330828866,9.416658685322892,1.393815321373884
0.6929297700328026,7.063319927183945,1.7121285530406896
-3.5745932306683055,2.1017188729445424,0.3323817671420281
-6.231473574111602,-0.8429547357165555,-0.7789344084547087
-3.3038457652325572,-0.39138862191983115,0.37181617000748474
0.23619763490015144,-0.7754148895840085,5.287652943222814
-0.2593383290206977,0.19195391153770902,5.692491480577007
4.035616660783963,5.225987173960761,2.189392103868848
3.7046971675227294,7.400128639237493,0.9910882211831131
-2.4422607293037455,4.654896648610807,2.368080931449311
-1.4961937132717682,-1.4399563284395058,-0.3516018485927678
0.16528869668716445,-1.600183411109501,0.8730321572610148
-1.218606951660341,6.675521783369023,1.866176602612156
-4.595785303688593,9.975777584581785,10.253565800851057
-1.9226579118119989,10.636304009123974,7.9824094726866
-3.6790743473296375,3.693377191959419,6.7831578475067085
-1.6076195935015682,-2.937845893315235,3.5716879167634517
-1.1707978350921875,-4.432311783535688,-3.0868846564259096
2.531199826038518,-1.713103848588314,-1.6173401912442367
4.979836026046655,0.3260671344749963,-3.0161867252948067
4.890627740727736,3.170900669070817,-4.833559818772759
4.79830220969463,5.836986715322395,-5.190800161168265
0.8064303516468743,5.51795932702147,-2.253552731460863
0.18847421187902785,3.468223921313359,-0.15785004360742677
-0.5815680787876703,2.9799815828904994,3.544829301577738
-0.8740471943013792,3.7753425920346206,3.420005735996004
2.4798567942137675,2.292128507282901,1.869886812522256
0.20636916368429303,2.756058982813063,1.0395028112116806
-1.176735580075143,2.8707755079642294,1.0298698461597093
1.247840426479645,2.0865703880358963,0.48967647760886523
0.6673093055808597,3.8868992141121965,-5.027410312113707
-2.45538162444274,5.092575973914474,-0.002559979189187045
0.6867469129712414,5.459913908200543,0.9415595329300566
2.5875884493524777,3.953050982981937,3.389052705956535
2.0191642823537226,3.0648181878805407,3.9964959843443797
1.0424411309059125,1.0589642881055354,4.245719898331205
0.043400079144280734,2.5613831637669753,1.9387068387066924
-0.6146983063272323,4.544116102174095,-1.4227542311301162
1.7664097681127002,3.5939696024241528,-1.1762438199224599
0.7617927944217834,2.217974038583825,1.3396401668473368
-0.9773894144910109,1.5810323948663867,3.1404897393087103
-1.3159273466139467,0.13589967317492635,2.478048611556424
1.167163031019638,1.6891759530739796,1.4363028813279928
2.0263055690688327,2.759650367993659,2.0810777188133383
1.5754480587443676,4.172624477650283,1.3507850042306837
-0.5799415188615618,3.565482901322032,1.3909431852999412
-0.5999306019531172,2.553216197712369,1.801466205080572
0.2720389730501731,1.8380166129908773,1.8063260921096427
-1.1906399390088382,2.8367197856592576,1.3112948147438352
1.1435217980864587,3.6935562210168467,1.301244504552439
0.4637718462502338,3.7050569093947385,1.5516810913287928
-0.06849491546467057,3.0897972142306376,1.6416719135134719
0.6994505606629184,2.5467616745586144,1.8131152520148763
0.3590909863111392,2.2818208047810824,1.771581426545247
0.4117648684005222,2.3002683232625527,1.751370180604336
0.14605180516368096,2.064343703892636,1.6494157980385922
0.21355971043771518,2.6235124391950384,1.6009634295071182
0.26024344058093063,2.3373464521799434,1.5988049911636881
-0.3185604958032853,2.3070929116434704,1.4391652233814947
-0.338332231275169,2.5987485166574653,1.3400838718514805
0.0727447387319892,2.592292371813916,1.405659594141079
0.4366805335608219,2.562525245451052,1.4390604028885439
0.0957256286897393,2.77059857912027,1.53644892634312
-0.2234851027688186,2.7973253824909134,1.5376707813155541
-0.06962782240354448,2.5037751592561026,1.3783921669389563
0.21457120843584224,2.7891378337346078,1.3622521950212114
0.29381974170442016,2.453719047929553,1.4081076500004588
0.14674196792800853,2.5291354061744573,1.3236270625486448
-0.21267604602360576,1.9505002876900046,1.2617612767866557
-0.032755013589508525,2.0771096838052046,1.2546216744151657
0.0075294344286865045,1.8833689236894275,1.263223825594677
-0.2686307950378375,1.6807739534190462,1.2068781342554196
-0.42605665087937694,1.9832684185109315,1.3029075802905263
-0.10987567652338581,2.1680237951955674,1.294651348284748
0.08731560941953886,2.324466620392694,1.2734322092304324
-0.3369550142472417,1.6089248959945897,0.9116805755628503
-1.8694588151591278,0.8098490601834241,0.534350341485418
-2.498565177445751,0.009986997002300768,-0.6474029329720346
-3.420823265006357,0.5516191213958124,-0.484738485627312
-2.9259073316664965,-0.11916815088201738,0.0701655890568263
-3.245983555611205,-1.9399596610154881,0.1825869598499573
-3.092286631672724,-3.0846226526720733,0.11003256704385017
-3.497233927703386,-2.2702699893042118,-0.5590262251881797
-3.631587749431396,-1.85470999421042,-0.8897537796685735
-4.6653655562853436,-1.0438095015472526,-1.1860791101677615
-3.0616155203299265,-0.16445126650523512,-0.16597149120251742
-3.4559676159233024,1.3775547860156565,0.10326592313402462
-2.9232329135934267,1.617002568101603,0.28618375048528955
-0.7954163009621117,1.9380526594602032,1.0461306330296096
-2.946119580498239,-0.2204562841162987,1.161591671338329
-3.3389582637631294,-3.871847480412275,0.6083321203303016
-3.8217571129296886,-3.251353597500374,-0.0885063090274404
-2.8868182884593856,-1.0030291112985603,0.5430632916633054
-2.3272729725857317,1.1158878965490244,1.2847869695795116
-1.830057369884298,1.934783851382573,1.14055372804641
-1.8437015784628519,0.9939576019287103,1.2173215595342237
-0.8841730831466863,2.193738526207733,1.199792170648993
-0.45672400832634735,2.713164198805585,1.3259109407245357
-1.2873933623086655,2.8222274191376036,1.7874873466731067
-1.768867000092838,4.32231507922825,1.7908435383287356
-2.0772925714468546,4.659143939825056,1.923635234444614
-2.2868102627925877,4.3702085410749945,2.1395863239336688
-1.9003819305158849,3.922549582340507,1.8897165836920988
-1.284530154540857,2.2006887907805397,1.1810294824400265
-1.428394413346405,0.8324542973004228,0.9207638491336305
-1.3531964216698966,0.23292277715747628,0.7231383196161574
-1.2985292852775376,1.033601306983881,0.2503566099344641
-1.3830316498785307,0.5059273023914169,0.4907267967806974
-1.5663464641224418,0.792494927112974,0.4476595933200188
-1.4266726793572135,-0.11732177562256457,0.6912831844518719
-1.1549408603009315,-0.14146416462486366,0.507677785632267
-2.0639604464447787,0.6078577445293453,0.5012176436243377
-1.1507273208177153,0.46953968859806294,0.3594423355473876
-1.2632220429024923,0.5716221542230824,0.23521368002691034
-0.30464412996596024,2.707119113792099,-0.4101199546661124
0.5279292452051086,2.2167232600389624,-0.43131576964501805
1.9299505951430955,0.22844258939671958,0.08307243261080997
3.4627660388771972,-1.229792105957927,-0.21385508616881277
3.7672075600343966,-1.2652345302842387,-0.1703212623882444
1.076700991503092,-1.192687994371823,-2.1032261268838983
4.0465116087440824,0.2390993534847204,-3.007150123021969
4.4324102791843805,1.0042806551533394,-4.098600689037915
2.198053825518845,0.2814187603535515,-4.291694818399505
-2.9856103969002468,-1.383892954600027,-2.6390466152162393
-1.7573751057346534,-1.0931745405204434,-0.495346664522668
-1.1199412855902349,-1.5656956684517862,2.3692981168854415
-0.6554582481714522,-0.92901460396146,1.0936832869951085
6.693584770328163,5.6826989372509,-1.3016036256286203
6.6284222939090744,8.899902123917391,-1.6439425861928696
6.833246618022565,9.744906275590584,-1.480643830939515
6.1232529869471675,7.055481876660359,-2.7406947298058686
2.361510466592778,5.625167662164004,2.025558839320263
-0.7301742275095737,-1.2802790843424723,6.215183557873756
0.32190866801295875,4.182816796047273,8.994946254980569
1.630304562544688,7.786186379089381,12.800824038384944
-2.469411476289568,-5.281202294054794,11.075848322548692
-3.2499210709316753,-0.1499663438745903,7.315874194290856
-0.26213816524326583,-3.9301231982262026,4.700897127384118
1.0163050787435752,-3.8720891934117776,-1.3737073272312499
-1.1776811637285753,-3.7766885677783124,-2.0316702828827
3.5536184577161176,1.9963043165596344,-1.5650444868086508
-0.09216550598227163,0.970667535941838,-2.236601958150666
-1.2757204547800223,2.8051043762733574,-1.9586050066066927
0.23241677526925986,4.352395734570629,-1.5813178038856994
-0.13133099104606405,3.0604181528033285,0.3715756118092839
3.050010696315129,4.027682066360331,-1.1597786803328234
1.8185188805711652,0.31111903011930947,-0.1298219250835267
1.954917063116647,1.1260582193266648,0.8575599148499158
1.3260398376867517,1.549626584128855,0.3281262374513926
0.7312408256625355,1.1674661954778214,0.41931133616392613
0.034450538888236064,0.5666952341702862,0.6873406867079901
0.29407288073607796,-0.2261293516427479,0.3886829370893412
0.8329034594707908,-0.18008553370663508,-0.7466635896561287
1.1348500692363421,0.8654094457231114,-1.0198767693146022
1.3545710551986114,1.8502179181000284,-1.5631468232086136
1.156070912644103,1.7967386958794112,-0.20087658186093577
1.6836912084994557,1.7427154158278544,0.6106460527914499
1.1593709051166277,0.7949531930641327,0.789582251297637
0.10189012263441155,1.417112002277746,2.505439103747373
-1.4793164188154424,1.4106216594261332,2.6014280736718094
0.0976171716870756,2.835934572823371,0.9566243951711526
0.4950893045695021,0.6458708939542945,1.455632842687864
-2.309398918712276,0.7526550078460642,3.441563987405533
-0.24720586843675352,2.7450788118505485,4.456529279755335
-2.6444854855128628,1.678155125068129,2.833629276647021
-0.12017263186739752,1.2491019781065091,1.680290635092789
2.6752973248449896,1.0343353147101664,-0.48520032957670145
1.8273316102425594,0.04210480194920363,-0.9211480070777428
1.3803484683027467,4.185411973995739,-5.479139317042226
1.1953249673438102,3.545216651174261,-5.680097696250745
0.9635543584134992,-1.129396258470574,2.170138142097991
0.03531491791812359,0.6366743177975593,5.72796633118542
0.5970897355081786,-0.5262472596017677,4.080807923895774
1.4396570425538118,0.8393270837696046,2.9341006011930046
0.29695752120768903,2.7682931830672506,2.518719323953277
-0.025166569284295837,2.2563259482807636,3.1665207304807965
-1.0742322301472633,1.605816842954539,3.4666820362087374
-0.3907321767371743,1.728204803616225,4.3538932331358975
0.41229654182132147,1.95746309153003,2.7258094682531815
0.07054399896610525,1.3444473111764825,0.6867597054676595
0.2534099039792693,1.457032648777576,0.5824706502199014
1.5506008027324825,2.1858261754852872,-1.1173154397099123
1.3829212873935761,1.7586854734644293,-1.3440364566622445
1.6237458124648843,1.591011456153284,-0.7263018500629734
2.0910489373189676,1.3965092917097284,1.0760491356847515
1.484232088542724,1.778058647078888,2.2344464643419837
0.7284469688296944,1.5094962624882822,3.346947722630122
-0.49635231497068144,1.9449194556078082,3.8539297597733415
-0.30680718510538885,1.888117558183145,4.089781076419287
-0.18437879490113934,1.1043612751033867,3.8872142673805787
2.2535522290645473,3.8122260764130123,-12.679702226193118
0.9313506404640165,2.2341531328678417,3.875311589866353
1.5208869054230314,1.645595220240762,1.9776795400520717
1.667673430172009,1.6436425324639552,1.2408459809500867
0.9456237742735727,1.4313465037534663,1.5065717485462382
0.7123334191476282,1.5551572444167057,1.7076391025179063
1.0346854398481353,1.705396524052533,1.6352817684169023
0.6398519002462264,1.8424974605973052,1.9929159278118416
0.472839024778061,1.3950484818726534,1.4762362509051927
0.5604877043255452,1.5047457473620662,1.8228159361971314
0.7388838696914353,1.4488829354712442,1.552174925166855
0.9677854996415598,1.4903662069236434,1.5918686264594706
0.6750996749420975,1.4712509538362601,1.7546836281969216
0.6719008275117982,1.4906760449204637,1.656015896269492
0.7059338745583595,1.3469360842701041,1.5922097355683413
0.6680805507593746,1.5714369404876667,1.6046298718725238
0.6901199674464842,1.6048794543513922,1.5794512634498667
0.011918550144311146,1.6532757870977792,2.0677342527080813
0.8364769185165598,1.099938075762363,1.515967751098842
0.8711992975220694,1.6874786850213317,1.4942099091152914
0.8760723334671148,1.5701396958564615,1.6518357041064144
0.9672896865660133,1.5958838334953294,1.561096810002892
0.7627215747487296,1.5369804796379252,1.614956638734289
0.7060650378735284,1.6564887985064845,1.7905875864811613
0.6928379826466577,1.6387281016904547,1.6318345117195352
0.7030565448812943,1.6217524785454058,1.6188447649151403
0.6034802005076292,1.762815953605287,1.687141549484395
0.6027392057074799,1.693612107158736,1.5879393707991483
0.5908387137218392,1.6591866716025332,1.7473957077409625
0.7483698287283629,1.6513587739189948,1.5816900250651922
0.7465946916809908,1.608841667864024,1.6595287247030088
0.7057852866711596,1.8157110052539074,1.6590437594030973
0.5295430483118129,1.5356525406446675,1.4686487466017253
0.9930885223351436,1.7072850936534467,1.6201348313746924
1.0010864792508505,1.713239809665385,1.4568437388700974
0.6158724804682878,1.8225183507364138,1.7455880759890086
0.7544228435120044,1.7796741313958178,1.4730709348828002
0.5791954257457395,1.494743396142503,1.6339268541114278
0.9072936085780778,1.4229711773150897,1.2590635698765937
0.7859186105506306,1.683958667680518,1.5326248397379638
0.6738372243825331,1.5526017750351255,1.6616787902074357
0.6880353410714005,1.6877012082876406,1.648292486456922
0.7423255044737606,1.6437940921689418,1.608029483159181
0.7519108639669569,1.6414205188238835,1.5734243855008152
0.702932647360026,1.6912479428731413,1.6839742441339713
0.8699285413519547,1.754210978146371,1.6148764891318872
0.8159799565063222,1.7409398761794939,1.530895906687246
0.6599874724002546,1.673555360062474,1.6252885433066802
0.631937655014715,1.6855564443357083,1.6427276327317903
0.8332609088618175,1.5604888586111945,1.6025511124471377
0.6367095388071687,1.6024296153250508,1.5874116701245475
0.5960687602723342,1.620215441519338,1.4963332141591161
0.5239522473496259,1.6263328492342615,1.4335846986632834
0.4712799077090073,1.6261303032919023,1.7127357195618813
0.7515521561129159,1.8140747367845966,1.6011506624565321
0.3258697531146567,1.7347558616108976,2.0442693110778607
1.0435681109177604,1.7728585137624207,1.4790897956156819
0.7899620995653278,1.8962406314232807,1.6912124597880343
0.4409297016702196,2.4076238971179036,2.5160140137434763
0.10272917129703565,1.905783290485989,1.5350472590159816
0.4213243796218401,1.8774852190727451,2.0219999540146265
0.15401637392555687,1.1050219328583095,2.429050505540407
0.16209148150601035,1.4912661404777015,2.3803154809954554
0.6079738818456611,1.344507355502043,-0.34669869829075495
0.6605616931158436,1.4855799561841818,1.6478557994795924
1.3986422994357361,1.1199727579968122,1.8986854693041157
0.1793144663720186,2.4950540963173036,1.0715829902717628
-0.07797719248536947,1.9100776382199984,1.3310643556933635
-0.12941510455695354,2.2399438573795334,0.3323051406591029
0.11872349560364012,1.926415257401759,-0.08152872349439307
0.7728191759049904,1.6476894026503608,0.06674260747725333
1.1799352051293137,2.428554828175705,-1.3898099562440753
1.277563056395914,2.9246377680272366,-2.1014559178724666
0.8634263480405604,3.6502137113627584,-2.829315431798692
0.8877840020980452,3.6720243376568145,-2.517263959444575
0.8218951287726265,3.585246612484526,-1.843301769526102
-0.19923933506700856,2.8243491003574026,-0.03267193310650249
0.3366117372127576,1.77731982593712,0.985793699723227
-0.34032869770822116,1.1108047340565137,1.8713589255074434
-1.8614861441026962,3.3117396194562647,2.3784230751238757
-1.3639472385465776,7.006347576090632,4.892227984924759
0.4163591044347554,8.58263437092402,5.483393137435438
0.8897744451854009,9.64199170056064,5.87172696092121
-0.4352688656304372,12.258363509765136,9.309769875121074
-2.009477292386754,8.126940908431099,10.278970888593113
-1.9451588334677221,8.494152139911872,10.986360820571317
-0.7810672304861341,11.990693810950718,9.612796954497737
-2.7911166250858077,12.764554828149514,10.665922379789777
-5.309820555130512,14.016835704375593,12.688173564908222
-1.4904173266666239,13.873506650623323,14.25401304392997
0.7728812757611153,11.573268825238657,17.498280110836124
4.679732734007991,11.112380883470678,12.931598075176652
2.4783431582150532,7.424108784414777,-6.7049519697509155
-5.152068435464841,-2.215045311293129,-16.038956633382597
0.6524448055770731,0.4109396953201486,-15.209749604563516
9.584146471135776,4.268387651488825,2.0352700429489343
9.167584012437775,7.60404355693257,17.221748176847658
3.9722473085452847,9.445089118302494,11.983665761243822
2.728316885359165,11.618549430322108,10.105695960855497
1.6643530923852112,14.592456675881596,6.152141887070921
-6.081510757050393,9.06554795365399,3.245096995518782
0.32355552543734145,2.992205816074389,-3.7653363700929914
1.6569130075267315,-4.32345504417655,-9.004282113538531
-0.2878804841376992,-5.987216931391071,-7.378537125096127
0.6817652967993613,-0.8886666731900554,-5.716504099215185
5.273401722144462,5.883701927683234,-3.5406061207977393
3.3078763945788716,7.652469900119039,-2.7892010088406156
0.49299273878084665,7.868370825398583,0.6578759666779873
-1.5042149936158975,9.36821026907394,6.775103565889309
-0.7962819682107656,4.64131219614317,9.452121384559176
-2.5721747270099784,0.5292211795729727,3.1432136266438264
-3.0954620352224214,1.693005453058937,-0.07177834043837891
2.558033608963613,3.921701513120936,-5.617227095338067
2.9020732454666556,4.351442379615403,-8.055007501816883
2.8832458015602613,5.488750622871222,-8.624161086021266
2.9320486890690716,5.280786285125078,-3.625330129292207
2.345339387495463,4.988888095023932,1.2750349385081854
5.230726500346851,4.978158314383392,0.644734590772222
0.6102738442407234,4.964144612688361,0.28311023184345724
-2.856123091288159,1.2791108672578453,0.4003430337179677
-2.250523645563095,0.9842177739559854,1.0029801847505195
2.633018201375566,5.724366519102542,0.01778391981456917
2.006683892610934,8.002766779469841,-1.8121665999437502
-1.431670629506561,5.393960858330816,-4.21620715146711
-0.4573683029523562,6.88149781429939,-2.317490923769173
-1.8994285760532996,6.125715444115947,1.6071290727715375
-1.7076591387767466,6.722171518005531,5.847747373531575
-0.582994914657254,7.753036433624171,5.278016212319431
-0.02086737301878905,7.630047002993333,2.658398722589559
1.2526540192957707,8.143273645705033,-1.0317252424984873
-0.14938243320453315,9.517282758472033,-2.1475082109409542
-3.4483013391244888,13.2763332078829,1.3045697813707509
-4.3891341757649425,11.401987899860568,5.8037704382336885
-3.3283049835089566,9.229922877845896,4.432738310884168
-2.224211333034326,4.196229877171467,0.8440705816820555
-3.025447775964947,1.6402436717384263,-0.5470215297910551
0.8814119861379424,4.373976964432608,-1.9578730208596191
3.836320136948171,7.414567026561047,-4.5964765071742
1.3041154672725133,5.2522556228493835,-3.6224299360397696
-2.6477937033658026,5.469884437872001,0.11414351802127137
-0.04253469035926871,5.539835118773931,0.8618539363574658
3.6869749902079905,8.111798643399005,0.05737764512303617
-0.7438760512403724,7.1199775185191605,0.08758511289403104
-1.44145913004801,6.106557773273539,1.4448405406750708
-1.0974838103648517,5.291300092951108,1.569018473866208
0.5522942205908995,6.770641592240533,1.4164257590667022
0.45091487917845496,6.761958297303602,1.472046459696834
0.08573006013562767,5.629187303754018,0.9086757759618781
0.9041891420858958,4.29442241277619,0.025986899477818903
-0.3524469950401592,4.117501524721112,0.8174402579250548
0.5244035010094363,6.972549270836102,-0.3412011605740441
0.640819908828522,5.572959583235379,-0.24705470111023137
0.362707588227245,7.270404438469951,-0.555814012142652
-0.621869891337552,7.277681068591022,-0.6524584718650918
-0.18422680959923832,5.675965526974769,0.9562693619912944
0.4237278628265696,6.3147846394426175,2.085989442141548
0.1784656474312929,6.2276635160298675,2.089007199510426
-0.20483926435856392,5.326512235193713,1.1291598446479654
0.02381121752741433,5.268827154368403,0.8064057020236035
0.18457354618959165,6.48919381272046,0.6621786423837883
-0.220819947006901,6.863240316452985,0.9516754137735173
-0.35059993004707457,6.417993132663678,1.0240440497824244
-0.3388567199083292,6.241712261864182,0.9597771356070961
0.2849656327761343,6.7265645585764275,0.9715173568337652
0.2543901568349274,6.2411130215036055,0.8235486519949231
0.023762415301750828,5.871416985522053,0.7751053851708645
0.07673590105443973,6.136115893133496,0.7931632780428777
-0.1946449512672479,6.127344747331168,0.8091874564707305
-0.31837708891060523,5.9358123015199755,0.792234215745593
-0.20257587355098794,6.056228037611723,0.8041443834315909
-0.14705388149041698,6.130397773576829,0.8608325474497344
0.04738258272513085,5.931615474732814,0.9381141910560116
0.30694212310572344,6.108385981315605,0.9119797291956815
0.17825743814553907,6.181288533578519,0.9537694605164613
0.04479107528261994,6.096545018073412,0.9456580260935911
0.026319204668609153,6.168549274149499,0.8932820515578617
0.0961425751072722,6.087045282496224,0.9270882023525724
0.1373828204370724,6.037726314121153,0.8571665149648962
0.0884042605506794,6.011687615722838,0.9117035143185692
0.31310569871034666,6.088723952484385,0.8909654642739468
0.31242839051535576,5.929269969840479,0.9818162034993593
0.08644918557901216,5.906345973794221,1.0608681915822311
0.3488331199138571,5.77656065202624,0.9656350069548736
0.48590743700076433,5.813025355527344,1.007922826277444
0.1927958288271634,5.661205539145585,0.985959979289103
0.20763913769460718,5.873816426095692,1.0320008120991595
0.14372084604194768,6.289305960336515,0.9882579209324664
0.310477296533223,6.627452649863011,0.8182732697147935
-0.6324131504439776,4.903841636870637,1.1246809898163947
-0.1809152137881469,5.312404743397102,1.4531561656231156
-0.09250820379130031,4.5386010157932475,1.5500659182348246
1.3492083657402396,4.364596489757783,1.302702112050704
1.3995506539883475,4.135527391678325,1.1082529663016154
0.23070478495466729,5.7273489470992995,1.2925606500057367
0.1747591772984608,6.3004456723536,0.5075579588405816
-0.8086275383245509,5.112599976114865,0.4550817054535568
-0.2688471851374371,5.08954945812551,0.5106988303990978
-0.43519710112296117,4.014441173255715,1.9374695881546469
-0.10958637634429991,3.797613573110989,1.8562574820208808
-0.042612777436626725,4.0850635784034965,1.6184583027900996
0.42753941389459316,4.0496752490271986,1.6348500366868914
0.323240800518688,3.7179761329827006,1.3285204787085392
-0.8060078915341683,3.95699922470767,1.3784530549460208
-1.1414668594012514,4.298683185129903,1.3654208903848448
-0.0583567451020347,4.484905104674713,1.598018980074137
-0.08508812894305495,5.192766282158071,1.7368608426334773
-0.23249239344587835,5.118772706266795,1.6064824225401897
0.047490080699153836,4.943059154431611,2.3343704827099003
-0.4156371059805929,4.518989948671338,2.143432594880017
0.47422505293175277,3.9310882525571866,2.4251451841125906
0.3127911668440829,3.4878787965676428,2.584182318653069
0.2995817813049878,4.478859134770229,1.926869255919311
0.04742714432971529,5.811813975551164,2.099748520233238
1.0553984646994465,6.791913343319991,3.0989632446133553
-0.10155500340553303,9.865672828298871,1.8776215251006647
-3.469548533456401,8.432537995513576,2.0437367302715836
-0.5053028488759357,9.785566411811573,-0.7895013378970751
-5.057989411530778,10.391488697506546,1.1788768735141326
-8.696422455314146,6.5383562741679535,5.437721820200175
-2.636862571088261,6.975935718904616,7.965726556579698
-1.0514748596435906,8.013556920348645,7.950813952094385
-4.770798249394224,7.750859274750988,6.060806465884721
-2.031197073006309,9.991721718895853,5.523222939208743
-1.8402637927006502,8.506373405555255,-0.4450301136840755
-2.9272626250687903,3.983149359728682,-3.417782038948757
3.100041718879349,0.8109973426526768,-5.812188068834614
5.433321037135754,-0.9291402754668574,-5.217150529035547
2.9681717419631317,4.916513841838768,-2.3220589475279394
-0.01519688992023216,8.698832985557917,-1.7069051466680119
-1.800538153265047,6.9511364856486235,1.9532641739523047
-3.085319808992744,6.2646941811210315,2.9561754642387785
-2.726824097511674,6.740895862398591,3.056517181077646
-1.637464489264795,8.005665355091342,1.7496218579702756
-1.7783354154377191,8.288251400466148,0.3642700455389567
-3.3845451843491765,6.091880578456463,0.5902234673555782
-2.6025764187898464,5.29765831752801,0.970203526548999
-0.960282367530318,5.639586567127297,1.184181546909291
-1.1845312647085395,6.84729948858918,0.6883756320551215
-1.402389474449951,6.715819182810485,0.5440250153915382
-1.174635226448544,6.967211657031739,0.42197800687341425
-1.9256041896778144,7.437735343337026,0.46977199978428597
-1.5665297160281868,6.319245660665121,0.9130934461245487
-1.1472020501420823,6.10860982549298,0.8218573444295921
-1.2013996346514815,5.9243347434298395,0.6923626384432886
-1.299211514739716,6.143014891855476,0.7160842211962897
-1.6405671794856604,6.1230952087252986,0.6592110374809041
-1.0669890785959586,7.190507190275879,0.6746546635343441
-1.8583031860227412,6.11172817389093,0.0793425881598474
-1.3454751746247466,6.401966755911403,-0.17801777005123098
-1.7145262593329116,6.806945802403455,0.8298759404168554
-1.6036646159962726,5.875002890262997,1.8379793081798341
-1.0570868780469758,6.2193251489813015,1.3566535773018353
-0.7493243158395575,6.652276579604761,0.932057148336938
-1.4156569312150917,6.750900981982531,0.7160731937067328
-1.8800237034672742,6.524516205582261,0.743718455664381
-1.2690231417712057,6.637970398790705,0.6972945019747435
-1.5313327668087762,5.996260085950235,0.932617273075637
-1.6389982428655139,6.39046132954777,4.342046393864816
-4.560865014928315,7.10946655383438,12.833275952565597
-2.378003785175314,10.092852170183026,14.003486351846254
-4.08187048453818,10.394562899426937,10.67533782039514
-1.1699044479256573,9.768258997946292,5.666885899437151
-3.644444883890988,4.291231335778092,6.226904650168142
-3.694395080764158,4.350189356363134,4.845660109022089
1.2825493922292441,6.8427100355466575,2.6723182097270755
2.1851600156049082,8.92424498902947,0.7442700303540064
-4.15542445480758,10.075074766607809,0.4212012367129633
-3.5490222508949563,9.168440029761046,3.6293680622281124
2.187577713982896,8.688428895639019,5.166554607289804
1.4583593635091776,7.738732883998372,0.25445015542552707
2.7227569923450705,7.075764603795369,-9.924278109613939
0.4842329393053084,3.4402488955448294,0.33750066886587515
-1.441053242220093,1.376675596944446,3.1387803265422978
0.3192997030954101,4.0033536331203825,5.407768785537719
1.2265963439223337,7.7005458525439305,5.135854456973811
1.151562047581891,5.796529280138049,1.137203542360025
-1.1010032911830623,6.050207088485504,0.9099460365913234
-2.1190117641604425,6.6414688809467,3.503158265110696
-1.346321207060565,6.716042326955669,3.7763835535600903
-0.9918771140507172,6.6503463154896485,3.4540972014359643
-1.191173015842653,6.6675076154232125,3.3855958537877218
-0.7915493743886415,6.66913501122482,3.56640768761418
-0.5994960832591048,6.344847057893748,3.4281692097092202
-0.523099210524002,6.48266828934983,3.2953760929612663
-0.2566233719400497,6.953835735906839,4.298271244425634
-0.2389389808159903,7.19110788479039,1.8902950838756774
-0.7593860893949145,6.50387670227063,3.424489977395335
-0.5863331291573799,6.557761898277814,3.2421023690272763
-0.9098993963628792,6.310723353276084,3.0496489242699547
-0.5725809494073704,6.35651632503025,3.0595254619345353
-0.7585225802528155,6.405509815910452,3.086789000402032
-0.5876515391977486,6.352258312200133,3.169562947967561
-0.44330588045906794,6.5029540739937755,3.2013525792912096
-0.4669065164635313,6.460056257606994,3.191901728007295
-0.8348285574577454,6.410238904847045,3.1736174789454585
-0.7871015804139181,6.498800507913882,3.2191920734795945
-0.45464906858002885,6.4127845312437595,3.120112306924751
-0.7487763324951842,6.429154150897955,3.1350036433643598
-0.6935271936662633,6.428647848211561,3.2940995131716204
-0.42540139129322085,6.324924668267281,3.2358557507779557
-0.410018077814577,6.559653539713109,3.247397732449561
-0.6850650854440574,6.409204487294643,3.2908276842470006
-0.6704755759860199,6.374001126267396,3.095758929082549
-0.7998193856414895,6.468991197163028,3.154516537317642
-0.8671349086127449,6.464056594880496,3.159321532708556
-0.9738557340380096,6.288969508359694,3.1172943766394288
-0.47304875903042665,6.668952499117682,3.1797835521093702
-0.7321370193395529,6.587219185311566,3.1312399323896014
-0.7004988246117367,6.4749095244765265,3.113845783337149
-0.6621760324186459,6.427382820705548,3.20122840174528
-0.6028792032838968,6.384466767971125,3.208855500340737
-0.8170001291428934,6.546469436635166,3.1567411695324785
-0.7617993429825445,6.48594424683835,3.190458151603782
-0.9465130753225242,6.629619233867361,3.2087091444936315
-0.8224213217059879,6.462417735953103,3.161266911434276
-0.8467579772980212,6.52972847947871,3.2413306994644366
-0.7441042643892051,6.442816735630888,3.1826534776765603
-0.5823086619067968,6.317664870134188,3.1720437504137
-0.9473068153334656,6.221329943212012,2.9630458944622244
-0.9040646436522706,6.5168451831862075,3.2372156881203966
-0.6227775233251789,6.755258589095414,3.2315684745182516
-1.0130727074682933,6.48343113193053,3.083567510695082
-1.0130727074682933,6.48343113193053,3.083567510695082
-0.6763993546216696,5.089159821618145,4.979320819156676
-0.6379576249452494,6.514061428698957,4.451245642542875
-0.9418270646598614,6.316998490264625,3.2494227401469074
-0.44174720872299944,5.60505878902964,2.4470996964886904
-0.7612076942451331,5.954219849184137,3.0140863021807927
-1.0008649861090326,6.298621658117477,3.400550984419413
-1.3332205282482046,6.233178697764846,2.9188037995428835
-1.4887114857241608,5.934538366672921,3.0670904093589733
-1.0260234398730272,6.068570541246073,3.272780947466449
-1.3716964920787935,6.086462973095332,2.5967645159409853
-0.40495176587732185,6.407997278355068,2.0589670053456475
-1.5468723110939806,5.212497855037645,4.775292208787852
-1.31320646682829,5.454051531836061,3.2398645405214928
-0.7477535647629545,6.303702261977529,2.488021295790985
-0.6467600634586061,6.262797158372825,3.91054567387464
-0.822176153569133,5.759185816025456,3.290761605630333
-1.5646608503994495,5.434143464038006,1.829228780016053
-0.5094805143375143,6.183320903615266,0.9822940963020452
-0.7129719004208668,5.419501752023654,2.2549591413147096
-2.6484397685908982,5.70841520592577,4.304076308055397
-1.4595092646953198,5.6625814684231965,4.673778469860236
-0.6580471262764755,6.162035470544842,4.261205645811543
-0.2399584290415202,6.026096983841578,3.515507440748546
-1.532511099639877,6.139743192221287,2.6719439759115065
-1.2010596107765272,6.945414184382193,2.912389984562328
-1.5170554183099632,5.715438034723858,3.4271934834347104
-1.4045056607887627,5.627876026588364,3.5319637686417305
-1.794035159398912,5.595663603900391,3.211291655403298
-1.4974670628905957,5.543945275820832,3.3066193664804335
-1.0411239461631097,5.428996777624954,3.4376708272627923
-1.1423665766058346,5.645074013673163,3.1840447488579113
-1.4130429139847747,5.669330051684032,1.7547870818649596
-0.5234376401675116,5.303657233037521,1.4514296993483127
-0.010768120880739973,4.777589881748167,-0.9006685199313131
1.0650357309847402,4.095549375685383,-1.196210805356557
2.1643097127644837,5.001070238751146,0.7362060223669069
1.0958354012212015,4.697045614990479,1.4419941427515357
-0.5436611666318463,4.665053981431674,2.3543267501425214
-0.8261428242416591,5.6714813018413786,5.4530565864904705
-2.558301589061997,6.814958956307579,6.399526452211097
-4.234220440953337,8.359963960805674,8.125078371138356
-3.2352311141360186,8.972598690922766,5.343904837002399
-2.392587702914344,7.609710853091544,5.849444004920207
-3.2039128253417184,4.189590694304435,3.1889327593951107
-0.7104101123126461,4.814383834831346,1.8154759193660537
-0.38155321169141176,5.6703094860100824,1.0174899959792147
-0.0974069618354998,5.381292676931472,0.9186501255299644
-1.0202285620917995,5.768233885490042,2.0424066538613195
0.4552464838961956,5.604086287179501,3.6797732940193546
-0.9354925364959323,5.990490780709257,4.000254178192402
-2.1535734857478017,5.945389097179014,3.185362663063559
-1.5607211937220598,5.220150408507621,2.940100343357876
-1.3426604698616675,5.158096744473806,2.9204280234983426
-0.9290538154843284,5.284620064104768,2.9793931189929377
-1.2063749230133012,5.916190224296564,2.9286642704776837
-1.5691039589081859,5.386647686303087,2.6880140241781607
-0.8679583391322689,5.842732752517386,3.1503953414966963
-1.158243835872621,5.9501286826581605,3.1634806437043106
-1.712821692364712,5.444807556170064,2.8350472622547858
-1.485978577110964,5.374697090597642,2.947383136643667
-1.0685695171045713,5.816017409774508,3.0944917231945235
-1.2769451752809415,5.623908415816098,2.775603580146764
-1.2091583768444674,5.702940205858782,2.886743310410389
-1.4121994750620048,5.501909010222451,2.0379400828703416
-0.8653462259567613,5.147142481053826,0.063979047189475
-1.640432425701107,0.09975969366502269,-9.46452723698928
-1.349551867711543,-3.615845816529969,-14.975836030684395
0.1454400974926343,-7.915544372185091,-14.307513126824885
4.2507043822259245,-7.468517680239144,-12.402037175250586
3.8057788815021643,-9.26185283279831,-5.318678106053413
1.8941095502195164,-7.811625342910603,-4.545701449836869
1.772091488274001,-6.553849382093501,-6.484715704975824
0.9798567142993418,-4.0968267397694325,1.4180948475012567
2.4873807766232834,-0.34172237240855075,5.641539200861917
2.683947323861202,3.031677128801215,10.346747403944747
3.852419602094976,6.603023464830588,12.83802092484857
-1.3189989364396808,10.012832984930078,15.244250575830993
-5.201874037408327,11.461049372951681,10.535479617222217
-6.137936784135711,9.351238517983045,6.253479204910725
-5.159213219363,7.437987536044113,6.997581426373768
-5.467376512441747,5.615105267898712,5.406950532577609
-2.60712486983079,3.615132657702082,2.5463261756598525
-3.739103622369665,3.5989091088400373,-1.3764236804969447
-1.6034248158145106,2.371074998616459,-4.021774619053561
-2.1452423510580347,0.8255993618320769,-6.43515377960899
0.38028563463259146,1.8532195878138493,-0.4011255598124839
0.07136345850954902,2.1163295412299723,5.141266052846701
0.49885760760769454,0.5824747539256621,5.553572432827691
-1.7615251602355433,-0.17022462839173091,7.822033146522319
-2.954500237144016,-0.7589982307784467,7.878569112668078
-2.7799929318290926,-1.1932686781827633,3.2850295389786064
-1.2540720304482533,1.4267622518989946,2.5206895185318805
-3.101760376851549,2.2536240044337816,0.5347820757163974
-3.34529972402938,3.205961854846712,-2.188523074964609
-1.113555505454936,2.1940287397520746,-1.607548371482351
1.296727101921065,0.4077893072002909,-0.07910398442144945
0.6685463373471723,0.5320104602705935,0.21960989845388068
0.133627299965502,1.1751152492062122,-0.3701391432419624
-0.32847273635212104,0.6806050061127545,-0.5212444149003491
-0.79107438637344,0.7066929307902324,0.34992591088668873
-1.9630341341392858,0.5988646050490078,1.8600707671288512
-1.6158132236133644,0.4323865237856427,2.0136635143599277
-2.453979880778493,0.644998286737564,1.720476992601895
-2.2954649914487066,0.6696177829327139,2.528079566718512
-1.4991876260081827,0.7382940976770307,3.983002495036842
-2.7422111113793113,0.6051579954158273,5.388780658833578
-3.1663312893554614,0.15794628417382506,5.891506515078067
-0.10624433343417626,1.3035623772057439,2.0952346211055017
-1.3523678032765871,1.087740839551577,0.6958873821406726
-1.527587672513789,0.7249044470073182,1.3693570449982226
-1.7008456641932375,1.2336539516879046,0.07865023396180015
-2.535888740800431,1.3029717288890998,1.2342008377542302
-2.5165162904592058,0.3299599635162986,2.15076272615143
-1.1170540000976492,-0.46124752154778836,4.334448113758402
-2.6232803503234,-0.04398610824555024,4.959965696155295
-1.686234155309313,0.9797489088693712,2.7451312950900775
-1.6356627908562011,1.6159684032577475,1.568800940225855
-1.5638352630681567,0.7102745007617615,1.1986492006508875
-1.0823554093815184,0.3736831910383635,1.3483223174875614
-1.441590704975914,0.7374623111033307,1.5084549588450205
-1.6728926670451512,0.775889147078049,1.5265634715773835
-1.7779842768944971,0.7424465379958956,1.5883843837279947
-1.7252023947100255,0.5934114331926247,1.5990784880573288
-1.7396034331924173,0.6888567779068021,1.433515327634983
-1.650388303063713,0.822793456124497,1.4387452226889204
-1.8047893094993093,0.6577220671490351,1.5159922200304645
-1.8711577435272286,0.6798943147886464,1.6993397995240929
-1.8266300889161076,0.7599409908675234,1.6288078571280988
-1.773200206216478,0.7540246283272303,1.5850546748549055
-1.7057045557280723,0.7508874248270809,1.6445557886036137
-1.7314716720275791,0.6473182789071855,1.56394962229087
-1.854215592428293,0.7087716187151005,1.6319041033661013
-1.8798869461712846,0.7048278410402337,1.590358111020035
-1.8261724404965776,0.7009806949948205,1.6321321507471707
-1.7940429575526338,0.7426784741606365,1.6089987413012572
-1.8149379655367133,0.6857378546778434,1.5989147611635415
-1.8267732815689248,0.7187456404828277,1.5850746616100315
-1.7748242674845174,0.6793521892800203,1.5947552394378246
-1.7477651855004566,0.7161493631391715,1.6061843069370172
-1.732521277069831,0.6836001589852297,1.6347467333715433
-1.7600032934749712,0.6537815742369433,1.6130702877044316
-1.8780256749580142,0.6593813173228653,1.5607371549813502
-1.7875289213943109,0.6128113979851746,1.570855288821103
-1.716598239441282,0.6182878390303748,1.615342257721034
-1.7658117935490856,0.5184543806864653,1.6541297497176881
-1.4593447382531362,-0.22352468192956088,1.2453148044887108
-1.5513102528997391,-0.31805788555092596,1.9417880109059789
-1.8680697856073927,1.5974818626498073,0.3430296498498654
-1.889774823225234,1.4111815666738297,-0.110020536387051
-1.9167014809021132,0.7532589778647737,2.1143468272016785
-1.7578058908830798,0.5885287472136969,1.6828563623858634
-1.7506272225165966,0.618125629065801,1.6165456605532673
-1.484365884891246,0.6555243716873547,1.6043457228238815
-1.7031219037580978,0.6616828385691208,1.5072515355231035
-1.7501219188946537,0.63504074431218,1.4951167581606286
-1.7528921036696785,0.6507792947172893,1.5354737904745213
-1.7788324511689924,0.6153596988326778,1.4298309745377387
-1.4882521263455777,0.3138434384221669,0.36274299550616906
-0.7915448952157645,1.1794727418366726,-0.7425298027205955
-0.47115033938443107,2.8198173008103278,-8.243116510029308
2.647797979449831,-0.13015999142695892,-10.702011203619367
3.839431795320189,-1.6944873627726353,-13.220300448158952
4.942633313657149,-0.4474905209011534,-13.551169779100292
1.8286255826822733,2.7461745674797546,-6.084028606205619
2.232135998420737,3.1596851453193753,-8.156384814149732
0.16514886678784524,3.2244487347482482,1.127307270379034
-1.1359592010341022,2.172417222593681,0.932905034329557
-3.322779427352397,0.8041597765521706,5.1241936373068455
-7.502709145465972,-0.6966860188435591,8.119232619521092
-7.211221140820757,-0.12327631345026913,5.707421138257537
-6.205994278869254,0.2390379614274745,1.9632183463511372
-4.912046209889671,0.6023152803618924,0.5876659967613066
-2.3501517594026886,0.6552287740260793,-0.7134138943371305
-1.0104832460629873,0.5027679281195961,-1.3902412018475452
-1.9301659048793367,0.26233968347451486,-1.473462550298057
-2.6651843202773753,0.456035481450948,-1.7240151687897176
-1.3412566344000685,0.5534910689358705,-1.566870187583194
-0.5972824214245601,0.451335490441654,-1.0632713989329317
-1.8094259356966331,0.6746190318009682,-1.5036540810361776
-2.454106415036524,0.4871220641978256,-1.5617589809948298
-2.200808849269232,0.6614469464087336,-1.5702363474922536
-1.5485087168650797,0.8216293742969019,-1.579201957540707
-1.9515260373472523,0.13301608362174122,-1.5774021068334354
-2.021042416637612,0.07361278945844502,-1.3993045538721123
-1.301189785979259,0.8792641107990309,-1.4506181386182726
-1.2992095088002187,0.5079010194908987,-1.449281923084794
-1.8209578586733286,0.5366791458102822,-1.5427823975812358
-2.1619291203207567,0.23911272687049942,-1.4566411100566499
-2.166939257546945,0.608419677652215,-1.529637635383307
-1.8786228265026321,1.406906228604057,-1.685862782526103
-1.939407312970447,0.9982425460374651,-1.7669474911185847
-2.619908154310155,0.8574889628822808,-1.7836730340587283
-4.2915452196445045,7.819245824992738,-1.4012627798504984
-3.1915556938972274,9.072576523832057,1.2769706957853917
-5.956741705592244,11.570512919123388,3.58297599407675
-7.5062920771138915,11.062176540239225,5.2121692500879355
-8.44389841399149,10.326453914471344,5.648014101670786
-6.520152339420164,7.9225268031888705,2.5752220850588845
-5.737567593234972,7.5354641417732715,2.1720659867654315
-8.88405514964627,5.865412454870528,1.4593975318723031
-14.333867812186284,3.2136117427880304,3.372439351547189
-12.500815722707028,3.2773175295257584,4.371332466295776
-8.441811395235574,5.740264056432659,7.534292328217124
-12.812912642117142,4.428296964492574,4.785086827462271
-15.929322669242717,3.0933568696857487,9.983796197307205
-10.860888815466781,-5.864899867589047,8.471048684682234
-4.66048907326041,-8.193931548492941,-1.3573985169550202
4.086050544984046,-7.298012644107185,-6.2746844633064915
4.424920056435079,-5.902510905080723,-8.329495178658938
1.1586159194761259,1.970124966636907,-10.596688819057665
5.415657780184415,2.297988045360273,-13.668095142285697
-2.180436237202306,10.173421152463654,1.1674087813111331
3.6245761386381825,18.666599782213986,-0.7503541874662605
-10.151439124600657,8.082343952289445,7.591602077785135
-10.275506753282166,4.227824952718768,6.723292796913577
-8.095061429502968,-0.4071664524927683,7.99720011114497
-8.729407761152942,-1.5664732212979438,2.1772497352329756
-3.4137482238471373,1.6168994163704937,-2.328581669202097
2.4696403634744284,3.920835715013187,-3.829435846686896
0.11236135854174858,8.463905888122444,-4.704374806449532
4.470614649720295,11.251918415085422,-4.922818637970617
1.8079798177621642,9.912774168448635,-4.632692867858703
-2.504919924403058,10.401628759732391,0.6495553147089568
-5.594485490274045,4.127786127690307,5.462553365613826
-4.946217984850344,7.240923194699592,9.518950840630195
-2.065157423369604,10.176923968161837,5.993709582949014
-0.34980941701111085,6.614946182910463,-1.0427983703137187
-6.514405733264909,-2.5139861304573388,1.1786737001455356
-4.66008370080257,-0.9771312364286429,-0.25826877192290193
-1.404971365615022,0.8092931681935519,-4.950416253838269
-1.0591936733640726,3.9114581338608736,-4.699412449665389
-0.9401494837272749,7.720003954711338,-1.213843769434164
-4.399856046369788,6.8306382289565235,0.6890051975783237
-6.820108526542505,3.031341459961264,2.5076698967579816
-4.0073965914870024,1.1021360443945343,-0.41873382690648564
-2.5245626199573254,-5.065109594653495,1.6395999477164536
-1.6289169035116566,-3.442384870314005,1.8216305426327501
-2.5513080523922653,-0.8483340012523111,0.892384990241848
2.002543769159652,9.334022388106472,0.1710065997425948
-1.0894980374763814,4.872439138080756,1.6735563576214452
-2.4110418845269046,4.096744123631033,-0.1979281677518271
-2.643364851986852,3.4396390889633954,-0.2503103952785851
-0.10872582073421728,2.5464431511120296,-1.656174291512337
-1.2809080667346937,1.909935937644771,0.0023855350831462167
-2.09432214777171,2.6957010016087866,0.3575216041936621
-1.812607382983217,4.422747456035524,0.5640043829519299
-2.8735786622199235,6.272358575328737,1.0135431799330028
-3.2461769623003414,4.081830529067793,1.2699066954670053
-1.3534707910874966,6.3422934268523035,2.2015813395567942
-1.0491480488036196,4.755626204186103,1.9445124985863853
-1.876051784231373,4.955485295800468,0.8396294467345824
-2.9629294778979296,5.33277661329505,1.5603885724404087
-2.338237255859575,4.8197280369392015,1.9992402506409281
-1.6358649217672243,5.062321231274696,2.3759745226410303
-1.5858318107750333,6.202645366541807,1.8048327581678723
-2.2475481223910347,5.787459433242956,0.981788680162329
-2.3395077462574854,5.749163417944612,0.9774059932538762
-0.9830960672221204,3.639870875905748,-1.6976095579330879
-2.444264128169464,3.9748449509771793,0.33627914671182285
-5.03737377371205,2.485812643904117,2.7695924801123137
-1.2257975964027663,1.5667153121700896,0.5773613043868674
2.1410439017910896,3.230329616408734,0.21045089425953978
-1.172943567915121,3.99134380799962,2.023702655075865
0.6391929114111873,10.759695870911163,-0.11486663389501342
-7.103484636364522,-2.382719214463662,-2.133170871595107
-6.676503464101843,-0.7417082930372083,-0.4237349191837361
-3.2738612224340216,3.4871792601670113,0.12395288458542339
-2.6289129267042766,2.6531830978524553,1.0856431770906085
-4.016550147727227,2.9104959300235507,1.554846752289275
-0.17076876504835972,2.306612243147516,2.125822305985719
0.933140177403392,9.772732224329555,1.5063757992228426
-2.644080065583379,20.08620034987854,8.459948502409956
-4.425008196220727,17.180456384526273,10.476164522603009
-5.340485818217526,12.966440507338266,11.345313508169921
-8.376251579748688,13.824939267530096,11.359469870330019
-10.10102780171221,16.041698628659862,9.136493987673253
-8.079302773361064,17.635664874163755,4.543622318279657
-11.172178316438975,13.961643695133507,-0.4706273359944322
-8.457855949962605,9.00308909261994,0.3742271173678515
-4.5419917060799735,1.850469073184793,-5.2996757233601555
-1.5792876695070837,-1.5968202393464213,-3.754968199977216
4.52737733293078,5.005476740366228,-0.4203569370078472
0.1417154882121815,5.382581363067374,-0.6115025506294486
-10.591986111935947,1.0145374957642008,2.8369298081476204
-10.518111563978845,-0.6893423485331487,0.13898505269305192
3.605808783454239,4.555640130444924,-3.9104001064926064
2.8003072514747056,0.6468693161456439,-3.289576977116717
0.4228953507020532,1.6918322497458138,-1.4116035558216036
0.1983191863783551,2.442603038747224,-0.10416115157524598
0.5687733360595268,5.1857134983566695,0.6231059329297173
-4.812858264747921,4.757527845876733,-1.9188888753902573
-0.982053169613991,3.8116008660826197,-2.3913914275583275
-3.968853135947674,1.1983155378096348,-0.23896078774216126
-4.8092764622828525,2.822823472342418,-0.18436800759428526
-6.732717000384335,7.7068416967107805,7.421358298221632
-7.7151554049001545,7.390501435233341,7.205711428726051
-8.400819712301011,5.227264077760598,8.31404001139092
-5.724049130220238,1.763534994770109,1.5804268688720224
-2.584508742788612,1.7982928383714776,-3.5235320449978085
-1.9038430359802536,4.844495244996333,-7.313196120062836
1.3267251682321766,6.89389460633923,-2.235021252728693
-2.5654987238458054,8.031120247923228,0.6064168924273049
-4.376780371732832,5.998546905465399,0.39259966126723195
-6.557390916178881,6.484129076173448,6.70854958606207
-5.8567101275584,8.502651522545555,6.17140390543124
-8.700649662394207,4.365972874711324,3.084541995041638
-4.882277441998406,2.724544779199609,0.13620471104586482
1.764546778675141,2.3247738870493326,-4.057673985417058
0.7545901787716036,4.591087764683474,-2.2255227438824097
-4.582816026485758,5.23836086309087,1.9215878425887611
-2.6899743469856823,4.02295437634005,2.4079499344766844
-0.3268719144620549,8.7081739671971,6.086913125916033
-2.8389899981201916,6.0105957121165465,5.564328758670471
-3.9948509439777884,6.760836018295233,3.260626731910244
-3.446777469565808,4.871632734636768,1.5861910547703426
-2.38692285834841,3.346323179839076,2.8578355298692757
-6.343083623120918,5.992874297961981,1.4622312401560378
-6.261336933778689,7.04651918179375,2.0893406990327894
-0.33040658701199443,6.601771374884193,2.7978558678392202
-5.747040167329188,5.566206481873196,1.825775887339453
-8.977286358393838,5.677987297708587,1.394094519976856
-6.708368120062232,5.664713927531955,3.9278868732104004
-2.5859654891655097,5.44003122174151,4.096665997110109
-2.6298717264835014,6.792532236407865,4.665257051506216
-5.9366750733709415,6.85163189233296,3.2934437133648666
-4.050810474430751,5.4467917741474094,-0.632568439786378
-1.3269622485093633,5.7181190200293806,-1.335584342514672
-2.007730884582915,4.772276596819123,-1.5369275275259247
-4.269021061576504,4.907591363163052,0.5842442556656916
-4.4743884273291545,5.777974014965803,1.6574922975514863
-4.506850541969624,5.670223856471894,1.7013468792363873
-2.5402192778633705,6.062701919509817,2.0031252719628307
-3.338580489566506,6.0262856858115,-0.6254632631144768
-3.361346707466738,5.343747690467293,-5.113195909319399
-0.33783342218644075,3.8710206562532408,-3.729296429144405
-1.0238418459033805,4.3401134324848,1.864647731397888
-4.083953646350696,5.395602109450611,3.277616355226344
-4.063918692340174,5.9494961352879745,3.866831201407883
-3.9454716319802587,5.594735963584788,3.437199805433528
-5.022171561548455,6.983133473570441,2.637950919842139
-7.182444278678712,7.015223819029218,3.2479010206036114
-4.445062064427972,7.032999254373511,2.3298556758255113
-3.0074521363447366,5.500117516719655,1.5596710260572233
-4.007475257889149,5.602653959871828,1.0308374694282159
-4.4790476313707765,5.369153893189995,1.2407499218645475
-2.9437201210113653,5.5400705774058485,1.2344441951712954
-2.6686365634721367,5.895933162609641,1.1403656259651334
-3.717956184406056,5.660291990178487,1.3018324654921067
-4.183495311293353,5.858381507387934,1.6808467060742254
-2.260185320048225,6.095792953773497,0.867096617866731
-2.8098632531276806,5.897248692171258,0.9381665750593184
-3.626019756577911,5.860644423545867,1.3170361257327212
-3.5182637681761433,5.838699963503368,1.3835455642697587
-3.494893507790235,5.443668667640479,1.471416097130212
-3.0233279111482885,5.6301968913432425,1.3654609974188354
-3.0279038693299922,5.67112941656865,1.4242319887251487
-2.9810709612408957,5.712177670188768,1.4304258546021305
-2.942657742209042,5.517809242944083,1.728853417022324
-5.175479603014216,5.769505754951391,9.45946193187009
-6.4514777505195715,6.679302524561346,15.72223615673469
-5.683221192210368,8.50971186004777,12.60963310301774
-6.313839739710378,8.230304711051339,5.280195682107401
-5.182855795535672,7.3909225903421145,1.024048623866785
-4.43122513028372,5.897616286556274,1.202531023102466
-2.463352973243528,4.359134885904158,0.8133399269233755
-4.867265460213245,4.266967545751857,-0.6699095955396708
-3.6950062218280126,5.172325134131263,1.1412497839940166
-0.5497623256163839,5.504416409049911,2.460858960370804
-2.2051299332230245,6.2625510379084846,1.6447668758410108
-2.9353397050589436,5.268646728483303,-0.5549446180997967
-2.3238083280245765,4.647742367141824,0.3220978746621034
-2.4707389459809344,5.784341481808619,3.7078951951379793
-2.7524047735424775,5.963840457700529,5.245168956629164
-5.045806359806365,5.091004132520266,5.91223179481048
-3.212384015384133,5.9372436017926535,0.7017755086388907
-3.3778020524391206,5.764253725709308,3.317598545676586
-3.122972631573232,5.603287639472822,3.0779924985269127
-3.460040471303622,5.804242333419179,3.296640736053191
-3.6344565805057387,5.753224263195113,3.3454752996932853
-3.5176662443780415,5.783960936899431,3.321058869232737
-3.3842211159567377,5.6629437566334415,3.191952677109779
-3.2444394442343634,5.627177344996843,3.2138919029889235
-3.203680552501607,5.601661517247204,3.219120177040836
-3.363133774297163,5.67936987393526,3.300677046461158
-3.8031370714779364,5.8796201190424355,3.2592140650811556
-3.8448291692244267,5.782149255799275,3.2648754308266668
-3.5450127706088668,5.68813588311928,3.2733335575906906
-3.5044534359502055,5.5863835998813265,3.152821321680452
-3.5801805132346405,5.649404986753318,3.294861598449767
-3.4954492551755143,5.706408882149297,3.201709449861004
-3.59538972868044,5.829040433101405,3.30406215268274
-3.4521011144799014,5.630828317554861,3.164523363562265
-3.389577341290029,5.686903190112595,3.2385727555973407
-3.3982400362772536,5.663182561722037,3.196934989395241
-3.4222854619543526,5.727806592108003,3.2025634585518086
-3.6162069562392984,5.758502920062666,3.2570069731611615
-3.439529512874615,5.697577768241402,3.28619648491679
-3.5824367882459827,5.7277572644819905,3.273315435825111
-3.5109062755020877,5.6323360497240795,3.2012854795564425
-3.5031636631973546,5.6057429950445865,3.2144538162191254
-3.469793489780047,5.663380676745167,3.210583583116324
-3.4379339137353626,5.804863849438496,3.2391839264436233
-3.5309198334973124,5.488309902349129,3.2307497223977886
-3.358826600580047,6.0981108472972,3.281983602284891
-3.2585742214768296,6.506397343294829,3.1175932449027184
-3.934336253622151,4.53129476956746,3.238449889176233
-4.791019906093438,3.9058039419594492,3.2978203902202163
-4.065947980739654,4.033729959530863,3.1777652244296295
-3.9561524740623484,4.453687284562566,3.332968684465066
-4.070258143997109,4.0997327366553575,3.3405177935515518
-4.587892444283003,5.34202679824893,2.420315468590223
-2.537011850288927,4.382810432866998,2.8336937143216576
-3.0031825886683046,4.488783087239042,0.6572894161624919
-3.1848742310701907,5.203441104237197,-2.6570421625434593
0.0337591590261086,6.209711481224799,-0.5518545079858127
0.13920954505348243,6.241561657714509,0.8254498167518678
-3.8833666550052026,3.4145218684308203,4.358714768344818
-4.785459730884741,4.22959842031983,2.82619604565834
-2.1822883275121363,5.684586495990107,0.9603404844504213
-0.7822148908073756,5.856866216948023,3.3999715009941416
-2.142169782998105,5.651420893970775,6.667323142249832
-5.950085823298097,5.464856675650542,6.213706298129412
-6.547921463869495,6.990914271960881,5.202671943095925
-4.445538959902259,5.61878747103919,3.3101861910033756
-3.6660890956339163,5.092636485428345,2.6144369173184363
-3.7625866568345234,5.020435824023265,2.7445043946764085
-3.413608540876322,4.934059022879594,2.7153607510950706
-3.4199096399156406,4.795312393753102,2.7454657293335987
-3.577180530181498,5.049239524332685,2.8031425423658947
-2.930305969239836,5.319586080653129,2.9776715379764065
-3.9391817985356234,4.752847735470735,2.7091297463107917
-4.3284132464667335,4.546994369123244,2.646962679090809
-3.223372333857201,5.162366301420966,2.7898071956214805
-3.4572156548361233,4.842225823722565,2.7667221310131342
-2.9520291916169326,5.296676008411991,2.790823060104829
-3.463518096030784,5.0852624474192005,2.8028864895373746
-3.742612781112065,5.194351011123483,2.6355972819215356
-3.529783372295028,4.796245324234154,2.818404207810058
-3.2166025528841073,4.976966892156282,2.677089484082979
-3.8070895285316326,5.311792076994852,2.649818591114355
-3.833500085215623,5.133810472739929,2.8110708071990134
-2.8797169522619885,4.982801395254693,2.6277666889601923
-3.8342707387098987,4.9838463574147625,2.7003022322407597
-3.9765788787818526,5.083689033016168,2.828366359845919
-3.5877884119292904,5.1699836272382775,2.7310303766553803
-3.318819478179324,5.0197234114268126,2.7800053724033904
-3.7599887149820597,5.064391821655962,2.6198627272875847
-3.6727381576285767,5.075838553919336,2.7736044908500137
-3.5217367980521663,5.090275014760271,2.6881958221045115
-3.69553425171674,5.055790028390872,2.77308086064768
-3.66128022951293,5.041236214889577,2.7061950013630067
-3.4806333373880927,4.942830011486237,2.6337428931553877
-3.2957189892284795,4.967713151478638,2.739399721675076
-3.1401653517652406,4.848314131778658,2.645528363352731
-3.782237260376313,5.3229096518539185,2.6693538030313584
-3.7541525958366813,5.19881664551576,2.8047689148178216
-3.7638882304837944,5.151295583661055,2.6849328258624294
-3.4297498976978495,4.785733687409108,2.664444417066205
-3.7071835781510503,4.805260550450426,2.698202896578722
-3.4851190328891777,4.968146006323471,2.7353058223441984
-3.997715081974199,5.078918027732046,2.7727250107989914
-3.299997992031188,5.0247169149137045,2.782334659975972
-3.3642663490585933,5.1450493881912305,2.8621417521687067
-3.6009799092573553,4.997729328678119,2.8958777206038397
-3.564024160263664,4.975622050752883,2.8157867658844036
-3.728624305184905,5.243720813117469,2.5082167199887686
-3.2862418738052646,4.930286820596315,2.6621371521297688
-3.337428643628874,4.648762267453625,2.689639768001507
-3.344321556622379,5.34512824204132,2.7227136664052245
-3.901724402561824,5.15472438334745,2.7322464535200037
-3.981643478644793,5.034071278781208,2.8231262441804894
-3.443605557643815,5.202438282819103,2.8372020133094566
-3.461916606185085,4.942855269015871,2.7035994551035842
-3.4892210126013965,5.034529443845005,2.702713611336089
-3.465418550979141,4.889765508056808,2.7640947049384614
