a1,a2,a3,a4,a5,a5,a7
-1.9404572248458862,0.6829249262809753,0.3319111466407776,-1.8708491325378418,-0.2547837495803833,0.6319805383682251,0.21538211405277252
-1.9404571056365967,0.6829249262809753,0.3319108486175537,-1.8708491325378418,-0.2547837495803833,0.6319805383682251,0.21538223326206207
-1.9404562711715698,0.6829249262809753,0.33191347122192383,-1.8708491325378418,-0.2547837495803833,0.6319804191589355,0.21538187563419342
-1.940455675125122,0.6829250454902649,0.33191460371017456,-1.8708490133285522,-0.2547845244407654,0.6319805383682251,0.21538132429122925
-1.9404549598693848,0.6829249262809753,0.3319161832332611,-1.8708491325378418,-0.25478595495224,0.6319805383682251,0.21538114547729492
-1.9404551982879639,0.6829249262809753,0.331915944814682,-1.8708491325378418,-0.2547866404056549,0.6319805383682251,0.21538114547729492
-1.940454125404358,0.6829249262809753,0.3319183886051178,-1.8708491325378418,-0.2547881603240967,0.6319805383682251,0.21538078784942627
-1.9404534101486206,0.6829249262809753,0.33192354440689087,-1.8708491325378418,-0.2547885477542877,0.6319804191589355,0.21538066864013672
-1.9402846097946167,0.6829366683959961,0.3351028263568878,-1.870195746421814,-0.25801795721054077,0.6271281838417053,0.21005931496620178
-1.9378877878189087,0.6829532980918884,0.3510798513889313,-1.866246223449707,-0.27769145369529724,0.6085457801818848,0.19132089614868164
-1.9356003999710083,0.6829521656036377,0.3712683618068695,-1.8638880252838135,-0.295567125082016,0.6048789024353027,0.19547390937805176
-1.93565034866333,0.6829530000686646,0.38629207015037537,-1.866948127746582,-0.3029603362083435,0.6195797324180603,0.21394939720630646
-1.9359772205352783,0.6829543709754944,0.39555463194847107,-1.8692471981048584,-0.3043666183948517,0.642294704914093,0.22891883552074432
-1.9362632036209106,0.6829493045806885,0.40317755937576294,-1.8659305572509766,-0.3043603003025055,0.6730952262878418,0.24294258654117584
-1.936456561088562,0.6829518675804138,0.40352359414100647,-1.8601601123809814,-0.3045161962509155,0.6940293312072754,0.24935175478458405
-1.9365402460098267,0.6829519867897034,0.40090954303741455,-1.8552396297454834,-0.306990385055542,0.7061319947242737,0.24960365891456604
-1.9365475177764893,0.6829534769058228,0.3957667946815491,-1.8541429042816162,-0.3133842349052429,0.7112119197845459,0.24361664056777954
-1.9364569187164307,0.6829560995101929,0.3905125558376312,-1.8568804264068604,-0.32379812002182007,0.7118997573852539,0.23150736093521118
-1.9358829259872437,0.6829602122306824,0.38802480697631836,-1.8602275848388672,-0.3380734622478485,0.7083145976066589,0.21904586255550385
-1.935833215713501,0.6829593777656555,0.38695505261421204,-1.8625534772872925,-0.34877219796180725,0.700114905834198,0.21705235540866852
-1.936269998550415,0.6829589605331421,0.38467857241630554,-1.8640294075012207,-0.35423997044563293,0.6913447976112366,0.2177070528268814
-1.9366408586502075,0.6829580068588257,0.3805585205554962,-1.8664624691009521,-0.3549177050590515,0.6817807555198669,0.2208971232175827
-1.9366341829299927,0.68295818567276,0.3766777217388153,-1.869290828704834,-0.3537541925907135,0.6693866848945618,0.22141562402248383
-1.9366044998168945,0.682958722114563,0.3742161691188812,-1.8729830980300903,-0.3492218554019928,0.657793402671814,0.221474289894104
-1.9365121126174927,0.6829580664634705,0.37359899282455444,-1.8752923011779785,-0.34407562017440796,0.6467163562774658,0.22138164937496185
-1.9363152980804443,0.6829589605331421,0.37368935346603394,-1.8754737377166748,-0.34241798520088196,0.643330454826355,0.22133275866508484
-1.936232089996338,0.682958722114563,0.37380629777908325,-1.8758567571640015,-0.3398098349571228,0.6429082155227661,0.22105489671230316
-1.936232089996338,0.682958722114563,0.3749159872531891,-1.8756897449493408,-0.33956706523895264,0.6433746218681335,0.21942786872386932
-1.936232089996338,0.6829585433006287,0.3765179216861725,-1.8755311965942383,-0.3388531804084778,0.6442617177963257,0.21931281685829163
-1.9362322092056274,0.682957112789154,0.37830159068107605,-1.8753687143325806,-0.33641761541366577,0.6465469002723694,0.21931210160255432
-1.9362417459487915,0.6829569339752197,0.3792216181755066,-1.8749374151229858,-0.33465585112571716,0.6486417055130005,0.21931035816669464
-1.9362454414367676,0.6829571723937988,0.3792482912540436,-1.8748615980148315,-0.3341984152793884,0.6511167287826538,0.21917961537837982
-1.9362493753433228,0.6829572916030884,0.3791675269603729,-1.8745691776275635,-0.3342025578022003,0.652756929397583,0.21905288100242615
-1.9362493753433228,0.6829570531845093,0.37910035252571106,-1.874184250831604,-0.33421674370765686,0.6548295617103577,0.21905389428138733
-1.936254858970642,0.6829570531845093,0.379093199968338,-1.8741815090179443,-0.3342296779155731,0.6561468839645386,0.21907342970371246
-1.9362573623657227,0.6829569339752197,0.3790694773197174,-1.8741735219955444,-0.33457502722740173,0.6567689776420593,0.2190706729888916
-1.9362590312957764,0.6829570531845093,0.37902015447616577,-1.8741214275360107,-0.33531296253204346,0.6567717790603638,0.2190706729888916
-1.9362705945968628,0.6829573512077332,0.3785232901573181,-1.873487949371338,-0.3367503881454468,0.6567660570144653,0.21907660365104675
-1.9362736940383911,0.6829583644866943,0.37771525979042053,-1.8736861944198608,-0.3370903730392456,0.6567724347114563,0.2190755307674408
-1.9362717866897583,0.6829591989517212,0.377571165561676,-1.873866081237793,-0.33721068501472473,0.6567347049713135,0.21907834708690643
-1.9362659454345703,0.6829710006713867,0.37756791710853577,-1.8741052150726318,-0.33728519082069397,0.6564160585403442,0.21907930076122284
-1.936213493347168,0.6833810210227966,0.377340167760849,-1.876147985458374,-0.3375527560710907,0.6524947881698608,0.21907983720302582
-1.9360880851745605,0.6865552067756653,0.37693119049072266,-1.8782374858856201,-0.3381405770778656,0.6451090574264526,0.21910560131072998
-1.9360485076904297,0.6947296857833862,0.37426283955574036,-1.8806277513504028,-0.3389247953891754,0.6330607533454895,0.2220785915851593
-1.9355672597885132,0.7107746601104736,0.36924493312835693,-1.8818122148513794,-0.34220051765441895,0.615959107875824,0.2233334630727768
-1.935044288635254,0.729489266872406,0.3655933439731598,-1.881017804145813,-0.3486770987510681,0.600040078163147,0.22234231233596802
-1.934929609298706,0.7498865127563477,0.3634500801563263,-1.8771497011184692,-0.357603520154953,0.5858995318412781,0.21901008486747742
-1.9349560737609863,0.7626841068267822,0.3618224561214447,-1.8724935054779053,-0.3628321886062622,0.5798973441123962,0.21902267634868622
-1.9350085258483887,0.7813013195991516,0.3598146140575409,-1.863563060760498,-0.36874693632125854,0.5753883719444275,0.21900740265846252
-1.9349908828735352,0.79344242811203,0.36030876636505127,-1.8561872243881226,-0.3723275363445282,0.5732628703117371,0.21716199815273285
-1.93499755859375,0.8039799332618713,0.3616600036621094,-1.846343755722046,-0.37575262784957886,0.5730876326560974,0.21630321443080902
-1.93501877784729,0.8066043257713318,0.36152684688568115,-1.842939853668213,-0.3774016499519348,0.5736160278320312,0.2163047194480896
-1.935018539428711,0.8065839409828186,0.36123743653297424,-1.8425989151000977,-0.37805330753326416,0.5745303630828857,0.21630243957042694
-1.9350162744522095,0.805939257144928,0.3612678647041321,-1.8429511785507202,-0.3791394531726837,0.5760906934738159,0.2159777283668518
-1.9350013732910156,0.8056296706199646,0.36137303709983826,-1.8434776067733765,-0.3810175359249115,0.5763944387435913,0.21568824350833893
-1.9350013732910156,0.805621862411499,0.3615022301673889,-1.843769907951355,-0.3819497227668762,0.5767484903335571,0.21534106135368347
-1.9350031614303589,0.8056241869926453,0.3613775968551636,-1.8440462350845337,-0.384007066488266,0.578366219997406,0.21526585519313812
-1.9350024461746216,0.8056228160858154,0.36133503913879395,-1.8440228700637817,-0.3848845064640045,0.5795339941978455,0.2151339203119278
-1.9350016117095947,0.8056167364120483,0.36135074496269226,-1.8438032865524292,-0.3856034576892853,0.5796837210655212,0.2151244431734085
-1.934999704360962,0.805614709854126,0.36135798692703247,-1.8432453870773315,-0.38622090220451355,0.5797024965286255,0.21512804925441742
-1.9350006580352783,0.8055943846702576,0.36134737730026245,-1.841472864151001,-0.38656967878341675,0.5797903537750244,0.21512876451015472
-1.9349985122680664,0.8055782914161682,0.3613754212856293,-1.8399379253387451,-0.3867103159427643,0.5806032419204712,0.21512876451015472
-1.9349960088729858,0.8054508566856384,0.3616446554660797,-1.838804006576538,-0.38708558678627014,0.5814983248710632,0.21512725949287415
-1.9349939823150635,0.805336058139801,0.36183586716651917,-1.8382488489151,-0.38748669624328613,0.5825603008270264,0.21511605381965637
-1.9349887371063232,0.8051628470420837,0.36215531826019287,-1.837798833847046,-0.3883390426635742,0.5856469869613647,0.21496014297008514
-1.9349892139434814,0.8051124215126038,0.36227622628211975,-1.8374272584915161,-0.38908568024635315,0.5881079435348511,0.21497368812561035
-1.9349913597106934,0.8050855398178101,0.36195284128189087,-1.8373560905456543,-0.38947752118110657,0.5907569527626038,0.2149762660264969
-1.9349920749664307,0.8050569891929626,0.36138784885406494,-1.8371691703796387,-0.38947245478630066,0.591452419757843,0.21497638523578644
-1.9349918365478516,0.8050491809844971,0.361222505569458,-1.8371440172195435,-0.38946783542633057,0.5919304490089417,0.21499711275100708
-1.934990406036377,0.8048792481422424,0.36136680841445923,-1.8370271921157837,-0.3894580602645874,0.5920621752738953,0.21503792703151703
-1.9349901676177979,0.8047103881835938,0.36145830154418945,-1.837074637413025,-0.3894577920436859,0.5937395691871643,0.21509256958961487
-1.9349902868270874,0.8046284317970276,0.3615097105503082,-1.8368680477142334,-0.3894578814506531,0.5939969420433044,0.21513330936431885
-1.9349901676177979,0.8046107292175293,0.361487478017807,-1.8363038301467896,-0.3894485831260681,0.594000518321991,0.21539306640625
-1.9349881410598755,0.8046128749847412,0.36149999499320984,-1.8361736536026,-0.3894510567188263,0.5948935151100159,0.21542111039161682
-1.9349795579910278,0.8046107292175293,0.36148178577423096,-1.8361783027648926,-0.3894845247268677,0.5972119569778442,0.21543017029762268
-1.934981107711792,0.8046070337295532,0.361439973115921,-1.8361269235610962,-0.3898785710334778,0.597464382648468,0.21544766426086426
-1.9349812269210815,0.8046073317527771,0.3612897992134094,-1.8360592126846313,-0.390548437833786,0.5974656939506531,0.2154540717601776
-1.934981107711792,0.8046069145202637,0.36111322045326233,-1.8356345891952515,-0.391783207654953,0.597464382648468,0.21545784175395966
-1.934979796409607,0.8046075701713562,0.36116066575050354,-1.8354812860488892,-0.3927886188030243,0.597484827041626,0.2154606580734253
-1.9349738359451294,0.804621160030365,0.36117684841156006,-1.8353681564331055,-0.39329397678375244,0.5976988077163696,0.21546515822410583
-1.9349539279937744,0.8046553730964661,0.3611850142478943,-1.8352807760238647,-0.39342063665390015,0.5991619229316711,0.2154722362756729
-1.934910535812378,0.8046925663948059,0.3611936867237091,-1.835139274597168,-0.39393308758735657,0.6017554998397827,0.2155281901359558
-1.934913158416748,0.8047550916671753,0.3610762357711792,-1.834561824798584,-0.3940824568271637,0.6026363968849182,0.21679271757602692
-1.9349117279052734,0.8047891855239868,0.3610645532608032,-1.834523320198059,-0.39434945583343506,0.6030331254005432,0.2167723923921585
-1.9349093437194824,0.8048010468482971,0.36111482977867126,-1.8345285654067993,-0.3946518301963806,0.6032235026359558,0.21676969528198242
-1.934904932975769,0.8048043847084045,0.3611277937889099,-1.8345463275909424,-0.3947390913963318,0.6032205820083618,0.21672524511814117
-1.9349066019058228,0.804804265499115,0.36112117767333984,-1.834568738937378,-0.39472049474716187,0.6032048463821411,0.21673044562339783
-1.9349098205566406,0.8048043847084045,0.3610987663269043,-1.834564208984375,-0.39469411969184875,0.6031940579414368,0.21673740446567535
-1.9349114894866943,0.8048039078712463,0.3610425591468811,-1.834549903869629,-0.394494891166687,0.6031911373138428,0.2167375236749649
-1.9349125623703003,0.8047987222671509,0.3609350621700287,-1.8345015048980713,-0.39404046535491943,0.6031550765037537,0.21673716604709625
-1.9349135160446167,0.8047957420349121,0.3609285354614258,-1.8344453573226929,-0.39399847388267517,0.6031512022018433,0.21673284471035004
-1.93491792678833,0.80479496717453,0.36092373728752136,-1.8344186544418335,-0.39399856328964233,0.6031141877174377,0.21672415733337402
-1.9349180459976196,0.8047959804534912,0.3609386682510376,-1.834439754486084,-0.3939979672431946,0.6029821038246155,0.21648141741752625
-1.9349312782287598,0.8047944903373718,0.3609081208705902,-1.8344441652297974,-0.39399710297584534,0.6029812097549438,0.21650119125843048
-1.9349310398101807,0.8047919869422913,0.3609287142753601,-1.8344115018844604,-0.3939974009990692,0.6029809713363647,0.21651701629161835
-1.9349312782287598,0.8047918677330017,0.3609106242656708,-1.8344279527664185,-0.3939902186393738,0.6029820442199707,0.21651911735534668
-1.9349365234375,0.8047856092453003,0.3608994781970978,-1.8344287872314453,-0.3939491808414459,0.6029818654060364,0.2165195345878601
-1.9349420070648193,0.804703950881958,0.36085009574890137,-1.8343831300735474,-0.3939487040042877,0.6029805541038513,0.21651983261108398
-1.93495774269104,0.8041700720787048,0.36088383197784424,-1.8341065645217896,-0.3938004672527313,0.6029821038246155,0.2165203094482422
-1.9352333545684814,0.8016245365142822,0.36090102791786194,-1.8341188430786133,-0.39344027638435364,0.6040945649147034,0.2165203094482422
-1.9353981018066406,0.7979170083999634,0.36096203327178955,-1.8341046571731567,-0.3932400941848755,0.606880784034729,0.2165203094482422
-1.9355655908584595,0.7836909294128418,0.36147627234458923,-1.834147334098816,-0.3928895890712738,0.6175660490989685,0.21643780171871185
-1.9355653524398804,0.7738197445869446,0.36195677518844604,-1.8347864151000977,-0.391596257686615,0.626490592956543,0.2164464294910431
-1.9355624914169312,0.7485900521278381,0.36390969157218933,-1.8368257284164429,-0.38306739926338196,0.6497697234153748,0.21647441387176514
-1.9355652332305908,0.7288780212402344,0.3666350245475769,-1.8379369974136353,-0.37324264645576477,0.6656749248504639,0.2164873480796814
-1.9355660676956177,0.7108321785926819,0.369074285030365,-1.8401057720184326,-0.36221572756767273,0.6814659833908081,0.21648573875427246
-1.935562252998352,0.6893263459205627,0.37196266651153564,-1.8445812463760376,-0.3491409420967102,0.7012135982513428,0.2151547074317932
-1.9355393648147583,0.6747589707374573,0.37371504306793213,-1.8469247817993164,-0.34032925963401794,0.7096973657608032,0.21423569321632385
-1.9354876279830933,0.6659834980964661,0.3747040033340454,-1.847879409790039,-0.3343185484409332,0.7102540135383606,0.21260710060596466
-1.9354901313781738,0.6633391976356506,0.37477368116378784,-1.8480849266052246,-0.33076345920562744,0.7102546691894531,0.21240773797035217
-1.9354809522628784,0.6637845039367676,0.37476545572280884,-1.8482691049575806,-0.3298662602901459,0.7102519273757935,0.21137236058712006
-1.9353760480880737,0.6660206913948059,0.37477612495422363,-1.8486640453338623,-0.32953253388404846,0.7102422714233398,0.21051537990570068
-1.935340166091919,0.6676838994026184,0.3749208450317383,-1.8480387926101685,-0.32966360449790955,0.7089217901229858,0.2102278172969818
-1.93533194065094,0.6680365800857544,0.3751102089881897,-1.8468897342681885,-0.32990097999572754,0.7075377106666565,0.2094251662492752
-1.9353516101837158,0.6680279970169067,0.3750355839729309,-1.846505045890808,-0.3308739960193634,0.70753014087677,0.2094281017780304
-1.9353606700897217,0.6680282950401306,0.37455669045448303,-1.846770167350769,-0.33253031969070435,0.7078694105148315,0.20943254232406616
-1.9353617429733276,0.6680296659469604,0.37344270944595337,-1.8474574089050293,-0.33371588587760925,0.7101430892944336,0.20917853713035583
-1.9353610277175903,0.6680290102958679,0.373157799243927,-1.8475046157836914,-0.3351041376590729,0.7103865742683411,0.20884087681770325
-1.9353622198104858,0.6680279970169067,0.37315496802330017,-1.847251296043396,-0.33552494645118713,0.7103666067123413,0.2088800072669983
-1.9353909492492676,0.6680251359939575,0.3731383681297302,-1.8468759059906006,-0.3355191946029663,0.7103097438812256,0.2098214328289032
-1.9353904724121094,0.6680240631103516,0.37325891852378845,-1.8465847969055176,-0.33547767996788025,0.7094396352767944,0.20989908277988434
-1.9353886842727661,0.6680229902267456,0.37350204586982727,-1.846617579460144,-0.3352661728858948,0.7086969614028931,0.20989392697811127
-1.935388445854187,0.6680218577384949,0.37351030111312866,-1.846709966659546,-0.3351970314979553,0.7087010741233826,0.2098604291677475
-1.9353851079940796,0.6680213212966919,0.37362679839134216,-1.8467323780059814,-0.3351981043815613,0.7087000012397766,0.20985713601112366
-1.9353764057159424,0.6680213212966919,0.3741912543773651,-1.8467135429382324,-0.33518123626708984,0.7086489796638489,0.20985683798789978
-1.9353803396224976,0.6680212020874023,0.37417781352996826,-1.8465970754623413,-0.3351970314979553,0.7086453437805176,0.20985467731952667
-1.9353253841400146,0.6680197715759277,0.37430551648139954,-1.8466081619262695,-0.33521151542663574,0.7086530923843384,0.2095356583595276
-1.934397578239441,0.6679924130439758,0.3777546286582947,-1.8470538854599,-0.3350553512573242,0.7086652517318726,0.2095954716205597
-1.9328269958496094,0.6679952144622803,0.3837997615337372,-1.8472211360931396,-0.3331877291202545,0.7085127830505371,0.21309000253677368
-1.9279307126998901,0.6679248809814453,0.399551123380661,-1.8468142747879028,-0.32883283495903015,0.703485906124115,0.2231031209230423
-1.9159059524536133,0.667530357837677,0.42767947912216187,-1.847489356994629,-0.32181113958358765,0.6973983645439148,0.2404591590166092
-1.8993083238601685,0.6675628423690796,0.45256638526916504,-1.8540666103363037,-0.32045137882232666,0.6973695158958435,0.2626936733722687
-1.8754606246948242,0.6676256656646729,0.4766646921634674,-1.8613686561584473,-0.32200971245765686,0.690506637096405,0.2958650588989258
-1.8464670181274414,0.6675719618797302,0.4969404935836792,-1.8618571758270264,-0.333204984664917,0.676109254360199,0.3329983353614807
-1.808258056640625,0.6675521731376648,0.5158199667930603,-1.8592047691345215,-0.3540003001689911,0.672099769115448,0.38438156247138977
-1.7800401449203491,0.6677418351173401,0.5249077081680298,-1.8571306467056274,-0.3697318434715271,0.6747045516967773,0.4267447590827942
-1.72895348072052,0.669161856174469,0.5342966914176941,-1.8499512672424316,-0.3938907980918884,0.6885064244270325,0.5052019953727722
-1.6787316799163818,0.6722061634063721,0.5366460680961609,-1.835187554359436,-0.41304734349250793,0.7062307596206665,0.5708677172660828
-1.6222655773162842,0.6793971657752991,0.5296885371208191,-1.8128576278686523,-0.4259473383426666,0.7314451932907104,0.6412174701690674
-1.5755295753479004,0.6902405619621277,0.5125026106834412,-1.7896548509597778,-0.42704644799232483,0.7517901659011841,0.6964195966720581
-1.536693811416626,0.7031923532485962,0.49200552701950073,-1.7659372091293335,-0.4224715530872345,0.7561540007591248,0.7142928838729858
-1.5154892206192017,0.711234450340271,0.4802165925502777,-1.7531648874282837,-0.4151459038257599,0.7560593485832214,0.7127560377120972
-1.4861953258514404,0.7227593064308167,0.461617648601532,-1.734208106994629,-0.38926228880882263,0.7506756782531738,0.7123659253120422
-1.4679168462753296,0.7319936752319336,0.44243648648262024,-1.7210547924041748,-0.35399511456489563,0.7478546500205994,0.7192471623420715
-1.4536761045455933,0.7402312755584717,0.4234664738178253,-1.7108139991760254,-0.3243618607521057,0.747871994972229,0.7145569324493408
-1.4436568021774292,0.7444733381271362,0.413228839635849,-1.703444242477417,-0.3197769820690155,0.7478798627853394,0.699739933013916
-1.4345438480377197,0.7463326454162598,0.40527868270874023,-1.6989219188690186,-0.32267841696739197,0.7496376633644104,0.7000897526741028
-1.4280445575714111,0.7464345693588257,0.3995857536792755,-1.6961188316345215,-0.3313857614994049,0.7532129883766174,0.7038576602935791
-1.4235461950302124,0.7464216351509094,0.39531758427619934,-1.693734049797058,-0.3450033962726593,0.758837103843689,0.7044771313667297
-1.4220372438430786,0.7464192509651184,0.39323848485946655,-1.6934055089950562,-0.3527221083641052,0.7626426815986633,0.7060838341712952
-1.421964406967163,0.7464227676391602,0.39236950874328613,-1.6944724321365356,-0.35861316323280334,0.7646576166152954,0.7061809301376343
-1.4220949411392212,0.7464247345924377,0.39245274662971497,-1.6961251497268677,-0.3587166965007782,0.7605178952217102,0.702164888381958
-1.422242283821106,0.7464290857315063,0.3924427926540375,-1.6984604597091675,-0.3585178554058075,0.7543983459472656,0.7016034126281738
-1.4226243495941162,0.7464302778244019,0.3923552632331848,-1.7001757621765137,-0.35683029890060425,0.7520876526832581,0.7042336463928223
-1.42270028591156,0.7464311122894287,0.39193660020828247,-1.7008731365203857,-0.3542262613773346,0.7521260380744934,0.7043645977973938
-1.4226912260055542,0.7464302182197571,0.3917606472969055,-1.7005994319915771,-0.353651225566864,0.7522258758544922,0.7041273713111877
-1.4226186275482178,0.7464309334754944,0.39174142479896545,-1.6992610692977905,-0.3537619411945343,0.753763735294342,0.7027119994163513
-1.4226090908050537,0.7464346885681152,0.39173424243927,-1.698845386505127,-0.3540912866592407,0.7590758800506592,0.7018733024597168
-1.4226347208023071,0.7464337348937988,0.39144444465637207,-1.6983599662780762,-0.3553445339202881,0.7624972462654114,0.7017996907234192
-1.4226824045181274,0.7464337348937988,0.390520840883255,-1.697417140007019,-0.35546112060546875,0.7637519240379333,0.7018046379089355
-1.4226796627044678,0.7464332580566406,0.3903082311153412,-1.6973437070846558,-0.3554089665412903,0.7637599110603333,0.7018048167228699
-1.4226816892623901,0.7464295029640198,0.39031073451042175,-1.6973786354064941,-0.35490235686302185,0.7637605667114258,0.7018046379089355
-1.422676682472229,0.7464220523834229,0.3903138041496277,-1.697322130203247,-0.35467246174812317,0.7637288570404053,0.7018041014671326
-1.422696590423584,0.746419370174408,0.39030638337135315,-1.6969022750854492,-0.35454389452934265,0.763725221157074,0.7017738819122314
-1.4226937294006348,0.7464207410812378,0.3903082311153412,-1.696144461631775,-0.3545427620410919,0.7637231349945068,0.7014988660812378
-1.4226950407028198,0.7464319467544556,0.3903049826622009,-1.6955128908157349,-0.3545653820037842,0.7636011242866516,0.7009631991386414
-1.4226925373077393,0.7469130754470825,0.38994157314300537,-1.694474697113037,-0.35469165444374084,0.7611513137817383,0.7001970410346985
-1.422667384147644,0.7507560849189758,0.38772425055503845,-1.6933600902557373,-0.3572207987308502,0.7545256018638611,0.6996310949325562
-1.4225144386291504,0.7594686150550842,0.38422900438308716,-1.692381739616394,-0.3634404242038727,0.7474402785301208,0.6975350975990295
-1.4224140644073486,0.7740856409072876,0.3801892399787903,-1.6906468868255615,-0.37197941541671753,0.7385572195053101,0.6958738565444946
-1.422438383102417,0.7898920774459839,0.37749943137168884,-1.6867800951004028,-0.3780260682106018,0.7262340784072876,0.6953235268592834
-1.4224425554275513,0.8049903512001038,0.3762439489364624,-1.681659460067749,-0.3812720775604248,0.7135518789291382,0.6949411630630493
-1.4223592281341553,0.8218769431114197,0.3762238323688507,-1.6753711700439453,-0.38414034247398376,0.7016615271568298,0.6941477060317993
-1.422271728515625,0.83670973777771,0.3762185573577881,-1.6688318252563477,-0.3875918984413147,0.6949583888053894,0.6941661834716797
-1.4222713708877563,0.8505890369415283,0.37609732151031494,-1.6616016626358032,-0.39314958453178406,0.6889650821685791,0.6944888830184937
-1.4222756624221802,0.8598077297210693,0.3755212426185608,-1.6558382511138916,-0.3979725241661072,0.6845031380653381,0.6952693462371826
-1.4222773313522339,0.8728266954421997,0.37398919463157654,-1.6473751068115234,-0.40479087829589844,0.6780511736869812,0.6960516571998596
-1.4223246574401855,0.8833547830581665,0.3727952539920807,-1.6409753561019897,-0.4073583781719208,0.6732054948806763,0.69605553150177
-1.4223883152008057,0.8923619985580444,0.3717588186264038,-1.6360807418823242,-0.40730229020118713,0.6712357997894287,0.6960474848747253
-1.4224389791488647,0.9004722237586975,0.37013277411460876,-1.631335973739624,-0.40731483697891235,0.6692899465560913,0.6959958076477051
-1.4224345684051514,0.9076369404792786,0.3681781589984894,-1.6272133588790894,-0.40733230113983154,0.6657201051712036,0.6949867010116577
-1.4224344491958618,0.9133721590042114,0.3671368360519409,-1.6239914894104004,-0.4073275029659271,0.661618173122406,0.6939373016357422
-1.4224375486373901,0.9185535907745361,0.3669901490211487,-1.6216373443603516,-0.40732166171073914,0.6588870882987976,0.6928835511207581
-1.4224684238433838,0.9220311045646667,0.3669793903827667,-1.6203365325927734,-0.4071991443634033,0.6584092974662781,0.6928497552871704
-1.4225757122039795,0.9233730435371399,0.36680495738983154,-1.6200509071350098,-0.4057488441467285,0.6584303975105286,0.6929423809051514
-1.4225784540176392,0.9237943887710571,0.3662806451320648,-1.6200708150863647,-0.403889000415802,0.658428430557251,0.6933341026306152
-1.4225760698318481,0.9237874746322632,0.36572176218032837,-1.6200642585754395,-0.4033470153808594,0.6584206819534302,0.6933125257492065
-1.422574520111084,0.92378169298172,0.36496439576148987,-1.6202175617218018,-0.40335795283317566,0.6584287285804749,0.6933112740516663
-1.4225761890411377,0.9237815141677856,0.3645886480808258,-1.6205493211746216,-0.4033429026603699,0.6582048535346985,0.6932787895202637
-1.4226254224777222,0.9237752556800842,0.36454904079437256,-1.6203248500823975,-0.40274205803871155,0.6575756072998047,0.6932686567306519
-1.4226651191711426,0.9237753748893738,0.3644998371601105,-1.6200573444366455,-0.4018799662590027,0.6575528383255005,0.6932401657104492
-1.4226665496826172,0.9237748980522156,0.36433008313179016,-1.6199663877487183,-0.4007015824317932,0.6575584411621094,0.6931822896003723
-1.4227057695388794,0.9237741827964783,0.3638947010040283,-1.6195262670516968,-0.3993055522441864,0.6575636267662048,0.69293612241745
-1.4227055311203003,0.9237692952156067,0.3637605905532837,-1.6192548274993896,-0.3990933895111084,0.6576716303825378,0.6921707391738892
-1.4227023124694824,0.9237686991691589,0.36376023292541504,-1.619234561920166,-0.39906442165374756,0.6577949523925781,0.6921603679656982
-1.4227238893508911,0.9237595796585083,0.36374542117118835,-1.6188565492630005,-0.3980405926704407,0.6584346890449524,0.6921644806861877
-1.4227083921432495,0.9237550497055054,0.36376047134399414,-1.6186978816986084,-0.3967285752296448,0.6585801243782043,0.6917195916175842
-1.4227054119110107,0.9237472414970398,0.36376041173934937,-1.6183772087097168,-0.39596647024154663,0.6589163541793823,0.6907473206520081
-1.4226895570755005,0.9236615300178528,0.3637790381908417,-1.617966890335083,-0.39575353264808655,0.6593367457389832,0.6903959512710571
-1.4227038621902466,0.923608124256134,0.36378276348114014,-1.6175448894500732,-0.395088255405426,0.6600547432899475,0.6903729438781738
-1.422699213027954,0.9235857725143433,0.36378803849220276,-1.6172059774398804,-0.39425012469291687,0.6606513857841492,0.6903620958328247
-1.4226980209350586,0.9235257506370544,0.363921195268631,-1.6162099838256836,-0.3927159607410431,0.6615966558456421,0.6893781423568726
-1.4227021932601929,0.923512876033783,0.36392518877983093,-1.6148120164871216,-0.3919679522514343,0.6639382243156433,0.688521683216095
-1.422703742980957,0.9235126376152039,0.3639220893383026,-1.6146385669708252,-0.39124611020088196,0.664078414440155,0.688390851020813
-1.4227033853530884,0.9235126376152039,0.36392292380332947,-1.6145011186599731,-0.3908761441707611,0.6642116904258728,0.6882103681564331
-1.4227036237716675,0.9235121607780457,0.3639219105243683,-1.6140190362930298,-0.39076414704322815,0.6647905707359314,0.6878678202629089
-1.422707200050354,0.9235124588012695,0.36392149329185486,-1.6137267351150513,-0.39060521125793457,0.6654922962188721,0.6878178119659424
-1.422719955444336,0.9235116243362427,0.36391106247901917,-1.6135176420211792,-0.39003312587738037,0.6657479405403137,0.6876794695854187
-1.4227160215377808,0.9235115051269531,0.36391201615333557,-1.6130684614181519,-0.3895340859889984,0.6666870713233948,0.6874938011169434
-1.4227169752120972,0.9235124588012695,0.3639112412929535,-1.6126306056976318,-0.3890616297721863,0.6676715612411499,0.6872348189353943
-1.4227122068405151,0.9235114455223083,0.36391302943229675,-1.6124998331069946,-0.3889801502227783,0.6688047647476196,0.6854842305183411
-1.422937273979187,0.9235008358955383,0.3638988435268402,-1.6119457483291626,-0.3876853585243225,0.6690497994422913,0.6850624084472656
-1.423221468925476,0.9234998226165771,0.363896906375885,-1.6113219261169434,-0.3861597180366516,0.6690382957458496,0.6850610375404358
-1.4233170747756958,0.9234724640846252,0.3639012277126312,-1.6107479333877563,-0.38308992981910706,0.6690348982810974,0.6841228008270264
-1.423315405845642,0.9233831763267517,0.3639020025730133,-1.6101994514465332,-0.38166889548301697,0.6688858866691589,0.6833624839782715
-1.4233521223068237,0.9233510494232178,0.3638920485973358,-1.6095576286315918,-0.3807760179042816,0.668572723865509,0.6822863817214966
-1.423342227935791,0.9232463240623474,0.3638938069343567,-1.6094316244125366,-0.38073480129241943,0.6682857275009155,0.6818817257881165
-1.4233499765396118,0.9228940010070801,0.3638525605201721,-1.609381079673767,-0.3807074725627899,0.6682923436164856,0.6818498373031616
-1.4234764575958252,0.9216184616088867,0.363861620426178,-1.608902931213379,-0.3806550204753876,0.6682953834533691,0.6818480491638184
-1.4234840869903564,0.9178603887557983,0.3642650842666626,-1.6087127923965454,-0.3788852095603943,0.66969233751297,0.6817724704742432
-1.4236633777618408,0.9102869033813477,0.36581283807754517,-1.6088383197784424,-0.3726673126220703,0.6791678071022034,0.6816043257713318
-1.4239212274551392,0.8984225392341614,0.3687371015548706,-1.6094685792922974,-0.3633247911930084,0.6938853859901428,0.6809450387954712
-1.4243521690368652,0.8801379203796387,0.3728616535663605,-1.612120509147644,-0.3498152196407318,0.7126908302307129,0.680107593536377
-1.4249900579452515,0.8601326942443848,0.3758924603462219,-1.6174286603927612,-0.33668962121009827,0.7281801104545593,0.6790940165519714
-1.425262451171875,0.8396620750427246,0.3771195411682129,-1.626718282699585,-0.3242085576057434,0.7385428547859192,0.6751298308372498
-1.4256991147994995,0.8207421898841858,0.37619686126708984,-1.6382404565811157,-0.3137466311454773,0.7430079579353333,0.6722220778465271
-1.425845742225647,0.8044727444648743,0.37364301085472107,-1.649871826171875,-0.3053390681743622,0.7432078123092651,0.6698716878890991
-1.4258482456207275,0.7929585576057434,0.37060442566871643,-1.6623793840408325,-0.2976868152618408,0.7432752847671509,0.6681143045425415
-1.4258618354797363,0.7871125340461731,0.36859261989593506,-1.6721422672271729,-0.291183203458786,0.7432308197021484,0.6645911335945129
-1.425893783569336,0.7848480939865112,0.3674945831298828,-1.6759283542633057,-0.287293404340744,0.7432330846786499,0.6628884673118591
-1.4260293245315552,0.7843137979507446,0.3666950464248657,-1.6798347234725952,-0.2839791476726532,0.7441549897193909,0.6601831912994385
-1.4260504245758057,0.7844042181968689,0.36652249097824097,-1.6808853149414062,-0.28341904282569885,0.7450941205024719,0.6601820588111877
-1.4263726472854614,0.7847435474395752,0.36522573232650757,-1.6833436489105225,-0.28315213322639465,0.7472251057624817,0.6596945524215698
-1.426492691040039,0.7847413420677185,0.3652268052101135,-1.68332839012146,-0.2831690311431885,0.7472149133682251,0.6576060056686401
-1.4264885187149048,0.7847384214401245,0.36527565121650696,-1.6831649541854858,-0.2833453416824341,0.7472038269042969,0.6563829779624939
-1.4265673160552979,0.7847371697425842,0.36526185274124146,-1.682532787322998,-0.2840258479118347,0.7472035884857178,0.655959963798523
-1.4265779256820679,0.7847386002540588,0.3652598261833191,-1.6816115379333496,-0.2860402464866638,0.7472096681594849,0.6531074643135071
-1.4266630411148071,0.7847387194633484,0.3652614951133728,-1.680445671081543,-0.28638020157814026,0.7472031712532043,0.6530658602714539
-1.4268885850906372,0.7847369909286499,0.36527061462402344,-1.678514838218689,-0.28636622428894043,0.7472026944160461,0.6528637409210205
-1.4269204139709473,0.784736156463623,0.3652903735637665,-1.6769461631774902,-0.286164790391922,0.7472035884857178,0.6522842049598694
-1.4269939661026,0.7847344279289246,0.365283727645874,-1.6763441562652588,-0.2858072817325592,0.74720299243927,0.6515792012214661
-1.4272547960281372,0.7847343683242798,0.36528170108795166,-1.6753042936325073,-0.28510987758636475,0.74720299243927,0.6510935425758362
-1.4274330139160156,0.7847340703010559,0.36528030037879944,-1.6748008728027344,-0.2846412658691406,0.74720299243927,0.6507663726806641
-1.4280447959899902,0.7847344279289246,0.36513853073120117,-1.6747111082077026,-0.2836195230484009,0.747204601764679,0.6488655209541321
-1.4291704893112183,0.784733772277832,0.3641733229160309,-1.6754499673843384,-0.28337639570236206,0.7478267550468445,0.6483014822006226
-1.4327155351638794,0.7847142219543457,0.3595679700374603,-1.678601861000061,-0.283424437046051,0.7536409497261047,0.6446670889854431
-1.4389106035232544,0.7845578193664551,0.35167017579078674,-1.682303547859192,-0.28453829884529114,0.7611187696456909,0.6361281275749207
-1.4449812173843384,0.7841157913208008,0.34494876861572266,-1.6861740350723267,-0.2874486446380615,0.7666064500808716,0.6273257732391357
-1.458866834640503,0.7826046347618103,0.3320828676223755,-1.6964095830917358,-0.2957799732685089,0.7703244090080261,0.6123015880584717
-1.4761337041854858,0.7799493074417114,0.31966206431388855,-1.7091342210769653,-0.30563971400260925,0.7702205181121826,0.6020676493644714
-1.4948866367340088,0.7765946984291077,0.3100128471851349,-1.7228875160217285,-0.31409770250320435,0.7673585414886475,0.5917949080467224
-1.506705641746521,0.774185061454773,0.3061824440956116,-1.731796383857727,-0.3178500235080719,0.7641224265098572,0.5836193561553955
-1.5363962650299072,0.7650323510169983,0.3047395348548889,-1.751031756401062,-0.3216061592102051,0.7527559995651245,0.5573189854621887
-1.5568453073501587,0.756869375705719,0.30843907594680786,-1.7659211158752441,-0.3201264441013336,0.7463106513023376,0.5384743809700012
-1.5759416818618774,0.7488220930099487,0.31398165225982666,-1.7808036804199219,-0.31434860825538635,0.7380431294441223,0.5202945470809937
-1.5995041131973267,0.7393413186073303,0.32294806838035583,-1.795647144317627,-0.30494117736816406,0.7217974066734314,0.4951457977294922
-1.617643117904663,0.7335390448570251,0.3326939344406128,-1.805979609489441,-0.2967447340488434,0.7097582221031189,0.4733158349990845
-1.6277964115142822,0.7313610315322876,0.3393053412437439,-1.811678171157837,-0.291805624961853,0.7052368521690369,0.4644271731376648
-1.6424686908721924,0.7309783101081848,0.35142672061920166,-1.8189438581466675,-0.28540709614753723,0.7003893852233887,0.45360517501831055
-1.654428243637085,0.7327653765678406,0.3627527952194214,-1.8230398893356323,-0.28261974453926086,0.6988642811775208,0.4520968496799469
-1.6615389585494995,0.7347272038459778,0.3696570098400116,-1.823057770729065,-0.2838095426559448,0.698282778263092,0.45252764225006104
-1.6641348600387573,0.7352014183998108,0.37220922112464905,-1.82257080078125,-0.28950032591819763,0.6974607706069946,0.4540002644062042
-1.6643239259719849,0.7352012395858765,0.3718564212322235,-1.8230408430099487,-0.29804202914237976,0.697478711605072,0.4573371410369873
-1.664196491241455,0.7354059219360352,0.37103646993637085,-1.824170708656311,-0.30415359139442444,0.6971347332000732,0.4601380228996277
-1.6641899347305298,0.7363449335098267,0.3694606423377991,-1.8250575065612793,-0.3051310181617737,0.6945116519927979,0.46335482597351074
-1.6642054319381714,0.7374024987220764,0.3666084110736847,-1.8253364562988281,-0.3029044568538666,0.6924537420272827,0.4665359854698181
-1.664172887802124,0.7383022308349609,0.36367669701576233,-1.8253068923950195,-0.3010009825229645,0.69108647108078,0.46642687916755676
-1.6641103029251099,0.7388824224472046,0.36271214485168457,-1.825494647026062,-0.3010295331478119,0.6910984516143799,0.4653013050556183
-1.6638141870498657,0.7393747568130493,0.36278992891311646,-1.825878381729126,-0.3010978102684021,0.6911087036132812,0.46468058228492737
-1.663767695426941,0.7395273447036743,0.3628850281238556,-1.8264212608337402,-0.3012060523033142,0.6911188960075378,0.46468251943588257
-1.6637681722640991,0.7395234704017639,0.36338889598846436,-1.8264521360397339,-0.30222490429878235,0.6911197900772095,0.464682936668396
-1.6637678146362305,0.7395243644714355,0.3636658489704132,-1.826906681060791,-0.30287376046180725,0.6911237239837646,0.46468424797058105
-1.6637781858444214,0.7395240068435669,0.36364009976387024,-1.827316403388977,-0.3037307858467102,0.6911236047744751,0.4647626280784607
-1.6637951135635376,0.7395238280296326,0.3635231852531433,-1.8276702165603638,-0.30599474906921387,0.6918116807937622,0.46502819657325745
-1.6637941598892212,0.7395214438438416,0.3633687198162079,-1.8286879062652588,-0.3100147247314453,0.6929610967636108,0.46505558490753174
-1.6638307571411133,0.7395153045654297,0.363228440284729,-1.8285784721374512,-0.31368038058280945,0.6929371356964111,0.46515655517578125
-1.6638821363449097,0.7395120859146118,0.36309048533439636,-1.8285661935806274,-0.31508100032806396,0.6929320096969604,0.4660899341106415
-1.6638926267623901,0.7395123243331909,0.3627832233905792,-1.82878577709198,-0.31511789560317993,0.6928439140319824,0.4661327302455902
-1.6638656854629517,0.7395225167274475,0.3628397285938263,-1.829392671585083,-0.3150683343410492,0.6917888522148132,0.4661204218864441
-1.6638057231903076,0.7399903535842896,0.3628831207752228,-1.830971121788025,-0.31506863236427307,0.6887906789779663,0.4661211669445038
-1.6637126207351685,0.7426289916038513,0.3625026047229767,-1.8336803913116455,-0.31609103083610535,0.6769816875457764,0.46612685918807983
-1.6635781526565552,0.7453943490982056,0.3620072901248932,-1.8348346948623657,-0.31851673126220703,0.6684160828590393,0.4662475883960724
-1.6633964776992798,0.7568265795707703,0.35962700843811035,-1.8357712030410767,-0.326244056224823,0.6526113748550415,0.4700908064842224
-1.663377046585083,0.769245445728302,0.35776349902153015,-1.8349930047988892,-0.33343997597694397,0.6434213519096375,0.47059744596481323
-1.6633808612823486,0.7829750776290894,0.3569691479206085,-1.8314591646194458,-0.34025007486343384,0.6327214241027832,0.47059810161590576
-1.6633751392364502,0.796695351600647,0.35749080777168274,-1.8248871564865112,-0.3462350070476532,0.6256219744682312,0.4706110954284668
-1.663377046585083,0.8058688044548035,0.35917481780052185,-1.8185631036758423,-0.35298967361450195,0.6253335475921631,0.4705710709095001
-1.663398027420044,0.8123751282691956,0.3602775037288666,-1.8140500783920288,-0.35996267199516296,0.6253335475921631,0.4705720841884613
-1.6634101867675781,0.8167457580566406,0.36045408248901367,-1.810629963874817,-0.3624116778373718,0.6253333687782288,0.4706438183784485
-1.663408637046814,0.8188173174858093,0.3605484068393707,-1.8084925413131714,-0.3622204065322876,0.6256563067436218,0.4711662232875824
-1.6633994579315186,0.8192110657691956,0.3605405390262604,-1.807084560394287,-0.3622182011604309,0.6262086629867554,0.4712032377719879
-1.6633758544921875,0.8191520571708679,0.3609480857849121,-1.8059145212173462,-0.36224696040153503,0.626550555229187,0.4708172380924225
-1.663365125656128,0.8191289305686951,0.3615522086620331,-1.805453896522522,-0.36229729652404785,0.6293184757232666,0.47040778398513794
-1.6633702516555786,0.8191295862197876,0.3614329695701599,-1.8057318925857544,-0.362346887588501,0.6304059028625488,0.47043588757514954
-1.663367748260498,0.8191257119178772,0.3613754212856293,-1.804901123046875,-0.363002747297287,0.6303872466087341,0.4704641103744507
-1.6633392572402954,0.8191258311271667,0.36147820949554443,-1.8045368194580078,-0.36372658610343933,0.6303924918174744,0.4704454839229584
-1.6633336544036865,0.8191273808479309,0.36163410544395447,-1.8045475482940674,-0.36429810523986816,0.6304787993431091,0.4704444110393524
-1.663334846496582,0.8191291689872742,0.361616849899292,-1.8045570850372314,-0.3642898499965668,0.6318135857582092,0.47044357657432556
-1.6633492708206177,0.8191287517547607,0.361553817987442,-1.8045235872268677,-0.3642873466014862,0.6323394179344177,0.4704446494579315
-1.6633446216583252,0.8191284537315369,0.36155688762664795,-1.804341435432434,-0.364271342754364,0.6324091553688049,0.47044751048088074
-1.6633429527282715,0.8191282153129578,0.3615599274635315,-1.804304599761963,-0.36421698331832886,0.6327835917472839,0.4704451262950897
-1.6633349657058716,0.8191280961036682,0.3616080582141876,-1.804304599761963,-0.36414220929145813,0.6338062882423401,0.4704418182373047
-1.6633349657058716,0.8191266655921936,0.36165130138397217,-1.8042433261871338,-0.3641519844532013,0.6344727277755737,0.47038376331329346
-1.663334846496582,0.8191263675689697,0.3617338240146637,-1.804118037223816,-0.3641515076160431,0.6344765424728394,0.4702586531639099
-1.6633340120315552,0.8191253542900085,0.3620328903198242,-1.8041235208511353,-0.3641515076160431,0.6351194381713867,0.469997763633728
-1.663339376449585,0.8191250562667847,0.36199951171875,-1.804196834564209,-0.3641516864299774,0.636452317237854,0.4699983596801758
-1.663346290588379,0.8191247582435608,0.3619365394115448,-1.8041905164718628,-0.3641550540924072,0.6365777254104614,0.47000056505203247
-1.6633416414260864,0.8191243410110474,0.3619450330734253,-1.8041483163833618,-0.36415907740592957,0.63657546043396,0.4699985980987549
-1.6633490324020386,0.8191243410110474,0.3618984818458557,-1.8039541244506836,-0.364160418510437,0.6365755796432495,0.46999967098236084
-1.6633473634719849,0.8191239833831787,0.3618224561214447,-1.8037337064743042,-0.36416032910346985,0.6366177201271057,0.46999695897102356
-1.6633505821228027,0.8191179037094116,0.36182382702827454,-1.8037160634994507,-0.36416080594062805,0.6367759108543396,0.46994903683662415
-1.6633652448654175,0.819118320941925,0.3617939352989197,-1.8036350011825562,-0.3641377091407776,0.6368527412414551,0.46996885538101196
-1.6633632183074951,0.8191182017326355,0.36175647377967834,-1.803610920906067,-0.36401018500328064,0.6373141407966614,0.46996843814849854
-1.663353443145752,0.8191184997558594,0.3617904484272003,-1.8036137819290161,-0.3638170063495636,0.6377803683280945,0.46985357999801636
-1.6633553504943848,0.8191177845001221,0.36183568835258484,-1.8036190271377563,-0.36383235454559326,0.63796067237854,0.46921834349632263
-1.6633824110031128,0.8191165328025818,0.3618134558200836,-1.8035532236099243,-0.3638596534729004,0.6379824876785278,0.4684334993362427
-1.6633706092834473,0.819115400314331,0.36198705434799194,-1.8029521703720093,-0.3638511300086975,0.6379255652427673,0.4684333801269531
-1.6633821725845337,0.8190670013427734,0.3620879650115967,-1.8029165267944336,-0.3636089563369751,0.6382744908332825,0.4684428572654724
-1.6633845567703247,0.8189404010772705,0.3620389997959137,-1.8024473190307617,-0.3630705177783966,0.6392332315444946,0.4684407114982605
-1.6633797883987427,0.8189888596534729,0.36191779375076294,-1.8023912906646729,-0.3627950847148895,0.6392166018486023,0.4684399366378784
-1.6633777618408203,0.8189902305603027,0.3619249761104584,-1.8024160861968994,-0.36281558871269226,0.6392160058021545,0.4684159457683563
-1.6633901596069336,0.8186929225921631,0.3620297610759735,-1.8024874925613403,-0.3628167510032654,0.6392444372177124,0.4679480195045471
-1.663516640663147,0.8158305883407593,0.3626747131347656,-1.8024260997772217,-0.362827867269516,0.6413584351539612,0.4678857624530792
-1.6637405157089233,0.8110962510108948,0.363707035779953,-1.8021280765533447,-0.362784743309021,0.6447381973266602,0.467967689037323
-1.6641087532043457,0.797321617603302,0.36574822664260864,-1.802288293838501,-0.36043861508369446,0.6548016667366028,0.468309223651886
-1.6641197204589844,0.7780560255050659,0.3675394058227539,-1.8053693771362305,-0.3541506230831146,0.6705601215362549,0.4683656692504883
-1.6641136407852173,0.7598016262054443,0.36904624104499817,-1.809200406074524,-0.34877997636795044,0.6803776621818542,0.4677174985408783
-1.664083480834961,0.7436010241508484,0.37024933099746704,-1.8148528337478638,-0.34473907947540283,0.6849508285522461,0.4630672037601471
-1.6640634536743164,0.7315506935119629,0.370989054441452,-1.8207122087478638,-0.3397468328475952,0.6856889128684998,0.46069127321243286
-1.663940191268921,0.7241004705429077,0.37164393067359924,-1.8243272304534912,-0.3334222435951233,0.6856441497802734,0.4592580199241638
-1.6637221574783325,0.7224951982498169,0.3727503716945648,-1.8251498937606812,-0.3312778174877167,0.6854659914970398,0.45245373249053955
-1.6636320352554321,0.7230684757232666,0.37534192204475403,-1.8249397277832031,-0.33186158537864685,0.6846668124198914,0.44144874811172485
-1.6636213064193726,0.7238578796386719,0.3778744637966156,-1.8244513273239136,-0.3353153467178345,0.6845316290855408,0.4346614181995392
-1.6636298894882202,0.7249382138252258,0.3814028799533844,-1.8243324756622314,-0.34507501125335693,0.6845653653144836,0.42973992228507996
-1.6636807918548584,0.7251908779144287,0.38250285387039185,-1.8243657350540161,-0.34969383478164673,0.6845636963844299,0.4297647774219513
-1.6638500690460205,0.7251898646354675,0.38275372982025146,-1.824260950088501,-0.35160547494888306,0.6845639944076538,0.43131548166275024
-1.6639991998672485,0.7251891493797302,0.3824979364871979,-1.8240408897399902,-0.3509778678417206,0.6845645904541016,0.4322742223739624
-1.663987159729004,0.7251895666122437,0.38208991289138794,-1.8237780332565308,-0.3492353558540344,0.6845647692680359,0.4323726296424866
-1.663978934288025,0.7251891493797302,0.38167431950569153,-1.8236278295516968,-0.3479132652282715,0.6847058534622192,0.4323716461658478
-1.6639758348464966,0.7251901626586914,0.38115671277046204,-1.8237355947494507,-0.34739381074905396,0.686768651008606,0.4321543276309967
-1.6639797687530518,0.7251891493797302,0.38070791959762573,-1.823726773262024,-0.34738805890083313,0.6875259876251221,0.43112972378730774
-1.6639841794967651,0.7251890301704407,0.3805258572101593,-1.8234254121780396,-0.34722900390625,0.6874839067459106,0.4311300218105316
-1.6639866828918457,0.7251877784729004,0.38013696670532227,-1.8222185373306274,-0.34462451934814453,0.6874772310256958,0.43119415640830994
-1.6639920473098755,0.7251874208450317,0.37994691729545593,-1.8221001625061035,-0.34237194061279297,0.6874774694442749,0.43132033944129944
-1.6639974117279053,0.725187361240387,0.3797880709171295,-1.8221304416656494,-0.3394711911678314,0.688282310962677,0.4316226541996002
-1.663994312286377,0.7251873016357422,0.37977907061576843,-1.8220857381820679,-0.3337313234806061,0.6921751499176025,0.4337261915206909
-1.6639697551727295,0.7251831293106079,0.37986528873443604,-1.819871425628662,-0.32610493898391724,0.6941980123519897,0.43595242500305176
-1.6637303829193115,0.7251831293106079,0.381481796503067,-1.8151836395263672,-0.32085931301116943,0.6946805119514465,0.4358993470668793
-1.6625356674194336,0.7258217334747314,0.3843493163585663,-1.8093633651733398,-0.31934988498687744,0.6953006982803345,0.44048306345939636
-1.658431053161621,0.7296048402786255,0.38961169123649597,-1.7989579439163208,-0.3214053213596344,0.6949067115783691,0.4529748260974884
-1.6475331783294678,0.7362419366836548,0.40251636505126953,-1.7806901931762695,-0.33481910824775696,0.694332480430603,0.45984095335006714
-1.6306747198104858,0.7443713545799255,0.41880616545677185,-1.7614264488220215,-0.3516007661819458,0.6952175498008728,0.4795517027378082
-1.6164439916610718,0.7511560320854187,0.4298675060272217,-1.7498997449874878,-0.3623380661010742,0.7004004716873169,0.4972265660762787
-1.5750041007995605,0.7710956931114197,0.45332014560699463,-1.7218855619430542,-0.38243281841278076,0.7141056060791016,0.5430313944816589
-1.5527094602584839,0.7819132208824158,0.4623911380767822,-1.7058762311935425,-0.3886464834213257,0.7137165069580078,0.5692059993743896
-1.514266014099121,0.8004699349403381,0.47640830278396606,-1.6749376058578491,-0.39389798045158386,0.7081124186515808,0.6093763113021851
-1.4657411575317383,0.8237217664718628,0.48986148834228516,-1.635345458984375,-0.40387988090515137,0.7081665396690369,0.637444257736206
-1.4047385454177856,0.8533526062965393,0.4967433512210846,-1.5835996866226196,-0.41754236817359924,0.7158895134925842,0.6777483820915222
-1.356526255607605,0.8767931461334229,0.4952371418476105,-1.5389684438705444,-0.42781296372413635,0.7295355200767517,0.7168849110603333
-1.3079036474227905,0.9002344012260437,0.48863938450813293,-1.4921061992645264,-0.43758249282836914,0.7557945847511292,0.7591394186019897
-1.2732696533203125,0.9174887537956238,0.4804988205432892,-1.458261251449585,-0.4405955374240875,0.7779418230056763,0.7973452806472778
-1.2345622777938843,0.9375792145729065,0.46970245242118835,-1.4215725660324097,-0.43833720684051514,0.8008989095687866,0.8456279039382935
-1.1825345754623413,0.9638542532920837,0.45120787620544434,-1.370299220085144,-0.4230618476867676,0.8305004239082336,0.8839125633239746
-1.1545946598052979,0.9764198660850525,0.4358854293823242,-1.339226484298706,-0.4073112905025482,0.8482438325881958,0.8820433616638184
-1.134204387664795,0.9845364093780518,0.41966724395751953,-1.3189948797225952,-0.39627987146377563,0.8722436428070068,0.8785215020179749
-1.1218993663787842,0.9887098073959351,0.4067820906639099,-1.3100917339324951,-0.39232364296913147,0.8945809602737427,0.8783679008483887
-1.1070369482040405,0.9906992316246033,0.3884428143501282,-1.3026790618896484,-0.3885608911514282,0.9191887974739075,0.8784881234169006
-1.099557638168335,0.9883333444595337,0.37786999344825745,-1.2994920015335083,-0.3791954517364502,0.9197719693183899,0.8784530758857727
-1.0982215404510498,0.9865406155586243,0.37525561451911926,-1.299535870552063,-0.3712489604949951,0.9125855565071106,0.875704824924469
-1.098484992980957,0.9852009415626526,0.37608644366264343,-1.3018004894256592,-0.3555651605129242,0.8978480696678162,0.862930953502655
-1.0986422300338745,0.9852157235145569,0.37815725803375244,-1.3020156621932983,-0.350582093000412,0.8963836431503296,0.8589479923248291
-1.0986748933792114,0.985358715057373,0.38022637367248535,-1.3021467924118042,-0.35035765171051025,0.8969505429267883,0.8572924733161926
-1.0988743305206299,0.9857378005981445,0.3807529807090759,-1.3037625551223755,-0.35037127137184143,0.8978486061096191,0.8573085069656372
-1.0993027687072754,0.9862716794013977,0.3805643320083618,-1.30502450466156,-0.3503730893135071,0.8976230621337891,0.8573064208030701
-1.0995062589645386,0.9862450957298279,0.3803180456161499,-1.3049445152282715,-0.35044482350349426,0.8943277597427368,0.8573049306869507
-1.0994794368743896,0.9860363602638245,0.38098499178886414,-1.3046754598617554,-0.3506990671157837,0.8909159302711487,0.8567175269126892
-1.0994776487350464,0.9860137104988098,0.3815523684024811,-1.3047442436218262,-0.35098209977149963,0.8903374075889587,0.8564941883087158
-1.0994806289672852,0.9860098361968994,0.3821869492530823,-1.304988980293274,-0.35114699602127075,0.8903478384017944,0.8563820123672485
-1.0994821786880493,0.9857009649276733,0.3825007975101471,-1.304818868637085,-0.3512955904006958,0.8903469443321228,0.8558607697486877
-1.0995006561279297,0.985572099685669,0.3824317157268524,-1.3045519590377808,-0.3513790965080261,0.8903321623802185,0.8552618622779846
-1.0995099544525146,0.9855909943580627,0.382255494594574,-1.304349422454834,-0.35173824429512024,0.8889889121055603,0.8543604612350464
-1.099524736404419,0.9856072068214417,0.3821541666984558,-1.3040552139282227,-0.35209354758262634,0.8864356279373169,0.8535814881324768
-1.0995969772338867,0.9856100082397461,0.38174813985824585,-1.3040050268173218,-0.35206010937690735,0.8856781125068665,0.8536120057106018
-1.0997227430343628,0.9856415390968323,0.38114669919013977,-1.3044244050979614,-0.35171225666999817,0.8856822848320007,0.853745698928833
-1.0997521877288818,0.9856423139572144,0.3810499906539917,-1.3047219514846802,-0.35171186923980713,0.8856827616691589,0.8537334203720093
-1.1000893115997314,0.985641598701477,0.3806013762950897,-1.304479718208313,-0.3517477512359619,0.884955644607544,0.8530421257019043
-1.1005463600158691,0.9856423735618591,0.38043639063835144,-1.3042024374008179,-0.35161706805229187,0.8842706680297852,0.8529530763626099
-1.101017951965332,0.9856420159339905,0.3801027536392212,-1.3041433095932007,-0.3511935770511627,0.8842242360115051,0.8511643409729004
-1.1013845205307007,0.9856433868408203,0.37954896688461304,-1.3036857843399048,-0.35085630416870117,0.8841707706451416,0.8506655097007751
-1.1013940572738647,0.9857860803604126,0.3786895275115967,-1.303542971611023,-0.35093510150909424,0.8842005133628845,0.8500235080718994
-1.101115345954895,0.9864656925201416,0.3780849874019623,-1.3038742542266846,-0.3522282540798187,0.8846343755722046,0.8500421643257141
-1.1003464460372925,0.988936722278595,0.37715861201286316,-1.3045814037322998,-0.35907796025276184,0.8875870108604431,0.8514675498008728
-1.1003755331039429,0.9929729104042053,0.3746483325958252,-1.304618239402771,-0.3672572374343872,0.8873969912528992,0.8526027202606201
-1.1006395816802979,1.000038743019104,0.37140515446662903,-1.3046722412109375,-0.3729892373085022,0.8770193457603455,0.8524305820465088
-1.100648045539856,1.0064358711242676,0.3709639608860016,-1.3048644065856934,-0.3736416697502136,0.8623022437095642,0.8505808711051941
-1.100597858428955,1.0214418172836304,0.37116625905036926,-1.3049373626708984,-0.37289202213287354,0.8325982689857483,0.8501618504524231
-1.1003895998001099,1.0334713459014893,0.3711751103401184,-1.3033766746520996,-0.3728984594345093,0.822628915309906,0.8501623272895813
-1.1000787019729614,1.043662190437317,0.37130191922187805,-1.3000534772872925,-0.3740347623825073,0.8224305510520935,0.8504245281219482
-1.0998315811157227,1.051375389099121,0.37172308564186096,-1.2959421873092651,-0.37702420353889465,0.8219793438911438,0.8512105345726013
-1.0998287200927734,1.0559685230255127,0.3723108470439911,-1.2921656370162964,-0.3803289532661438,0.8177234530448914,0.8512043952941895
-1.0998327732086182,1.0608277320861816,0.3733776807785034,-1.2885088920593262,-0.38426026701927185,0.8090871572494507,0.8508528470993042
-1.099838376045227,1.0634268522262573,0.37392550706863403,-1.287447214126587,-0.3852159380912781,0.8043034672737122,0.850787341594696
-1.0999112129211426,1.0637770891189575,0.37375009059906006,-1.2874877452850342,-0.3848681151866913,0.8040317296981812,0.8510388731956482
-1.1002670526504517,1.0637723207473755,0.37253323197364807,-1.2879254817962646,-0.3830009698867798,0.8041684627532959,0.8520921468734741
-1.1004397869110107,1.063772439956665,0.37070706486701965,-1.288280963897705,-0.38145318627357483,0.8041641116142273,0.8532697558403015
-1.1005642414093018,1.0637720823287964,0.36770951747894287,-1.288212537765503,-0.37611761689186096,0.8040682077407837,0.8558499813079834
-1.1005619764328003,1.0637784004211426,0.36504417657852173,-1.2882322072982788,-0.3691864013671875,0.8028470873832703,0.856231153011322
-1.1005611419677734,1.0637824535369873,0.36284229159355164,-1.2880752086639404,-0.36349889636039734,0.7991462349891663,0.8557522296905518
-1.1005609035491943,1.0637816190719604,0.3615456819534302,-1.2879934310913086,-0.35996872186660767,0.7977064251899719,0.8550077080726624
-1.1005568504333496,1.0637831687927246,0.3603050112724304,-1.2879278659820557,-0.35617193579673767,0.7971213459968567,0.8551338315010071
-1.100555658340454,1.0638765096664429,0.35923194885253906,-1.2879279851913452,-0.35358142852783203,0.7962983250617981,0.8563001751899719
-1.1005498170852661,1.0639657974243164,0.35850462317466736,-1.2879000902175903,-0.3517707586288452,0.7957073450088501,0.8563968539237976
-1.100581169128418,1.0639653205871582,0.3581005036830902,-1.2876485586166382,-0.3506573736667633,0.7957168817520142,0.8563994765281677
-1.1008533239364624,1.0639642477035522,0.3571412265300751,-1.2871615886688232,-0.34749361872673035,0.7957198023796082,0.8564171195030212
-1.1009773015975952,1.0639640092849731,0.3565206229686737,-1.2870163917541504,-0.3452485501766205,0.7955579161643982,0.856399655342102
-1.1009008884429932,1.0639652013778687,0.3561400771141052,-1.2871084213256836,-0.3437270224094391,0.7951054573059082,0.8551813364028931
-1.1009875535964966,1.0639628171920776,0.3560639023780823,-1.287083625793457,-0.3435855209827423,0.7949690222740173,0.85520339012146
-1.101228952407837,1.0639642477035522,0.35577818751335144,-1.2870736122131348,-0.342375785112381,0.7946492433547974,0.8552663922309875
-1.1012279987335205,1.0639641284942627,0.3555675745010376,-1.2871034145355225,-0.3418876826763153,0.7944234609603882,0.8553275465965271
-1.1012321710586548,1.0639638900756836,0.35532405972480774,-1.2871427536010742,-0.34123489260673523,0.7943706512451172,0.8557013273239136
-1.1012436151504517,1.0639593601226807,0.3549550175666809,-1.287147879600525,-0.34034958481788635,0.7940404415130615,0.8557426929473877
-1.1013269424438477,1.0639548301696777,0.3549001216888428,-1.2871416807174683,-0.33999207615852356,0.7939552068710327,0.8557348847389221
-1.1014208793640137,1.0639528036117554,0.3548968732357025,-1.2871328592300415,-0.33961212635040283,0.7939435839653015,0.8554328680038452
-1.1014618873596191,1.0639498233795166,0.354885071516037,-1.287131905555725,-0.3394516408443451,0.7939395904541016,0.8550934195518494
-1.101475477218628,1.0639458894729614,0.35488495230674744,-1.2871302366256714,-0.33941730856895447,0.7939448952674866,0.8549732565879822
-1.1015040874481201,1.063944697380066,0.3548852503299713,-1.2871274948120117,-0.33932191133499146,0.7939459085464478,0.8547839522361755
-1.1015238761901855,1.0639441013336182,0.35488542914390564,-1.287129282951355,-0.3392070531845093,0.7939462065696716,0.8543848991394043
-1.1015509366989136,1.063940167427063,0.35488584637641907,-1.2871288061141968,-0.3391020894050598,0.7939462065696716,0.8542083501815796
-1.1015654802322388,1.0639359951019287,0.35488662123680115,-1.2871252298355103,-0.33903056383132935,0.793953001499176,0.8539605140686035
-1.1018556356430054,1.06393301486969,0.35488542914390564,-1.2870622873306274,-0.3381260931491852,0.7939429879188538,0.8539685010910034
-1.1021291017532349,1.0639324188232422,0.3548864424228668,-1.2870453596115112,-0.3372698426246643,0.7938540577888489,0.8530930280685425
-1.1021385192871094,1.0639324188232422,0.35488608479499817,-1.287047028541565,-0.33718881011009216,0.7938596606254578,0.8526169657707214
-1.1021702289581299,1.0639322996139526,0.3548859655857086,-1.287048578262329,-0.3370877802371979,0.7938609719276428,0.8525730967521667
-1.102278709411621,1.0639326572418213,0.35488584637641907,-1.2870559692382812,-0.33680886030197144,0.7937749624252319,0.8524267673492432
-1.1023060083389282,1.0639324188232422,0.35488590598106384,-1.2870752811431885,-0.33665788173675537,0.7937596440315247,0.8517928719520569
-1.1024305820465088,1.0639320611953735,0.3548857271671295,-1.2870733737945557,-0.33632010221481323,0.7937012314796448,0.8517956733703613
-1.1025646924972534,1.0639300346374512,0.35488632321357727,-1.287070393562317,-0.33596670627593994,0.7936379909515381,0.8517539501190186
-1.1027841567993164,1.0639287233352661,0.35488489270210266,-1.2870700359344482,-0.33527231216430664,0.7935250401496887,0.8515030741691589
-1.1029425859451294,1.0639288425445557,0.35488298535346985,-1.2870758771896362,-0.3347475826740265,0.7934643030166626,0.8509107828140259
-1.1030499935150146,1.0639289617538452,0.3548772931098938,-1.287119746208191,-0.3344685137271881,0.7933191657066345,0.8505163788795471
-1.1030935049057007,1.0639287233352661,0.3548768162727356,-1.2871434688568115,-0.33427223563194275,0.7933038473129272,0.850139856338501
-1.103212594985962,1.063915491104126,0.35488080978393555,-1.2871503829956055,-0.33391329646110535,0.7932628989219666,0.8492951393127441
-1.1032155752182007,1.0639102458953857,0.3548581600189209,-1.2872731685638428,-0.3338678479194641,0.7930973768234253,0.8458181619644165
-1.1033481359481812,1.0639175176620483,0.3546348512172699,-1.2878800630569458,-0.3338211476802826,0.7917142510414124,0.8438557386398315
-1.1040867567062378,1.063920021057129,0.3538190722465515,-1.2893651723861694,-0.333404004573822,0.7879573106765747,0.8423561453819275
-1.1045457124710083,1.0639175176620483,0.35381925106048584,-1.2898852825164795,-0.3324078917503357,0.7843387126922607,0.840973973274231
-1.1046404838562012,1.0639110803604126,0.3538181781768799,-1.289881706237793,-0.330884724855423,0.7830156087875366,0.8405897617340088
-1.1049561500549316,1.063868761062622,0.35381680727005005,-1.28984534740448,-0.32822385430336,0.7830012440681458,0.8393381834030151
-1.1052286624908447,1.0635192394256592,0.35381990671157837,-1.2896662950515747,-0.32699763774871826,0.7832929491996765,0.839231014251709
-1.1052109003067017,1.062166690826416,0.35391801595687866,-1.28963041305542,-0.3261507749557495,0.7851025462150574,0.8388894200325012
-1.105229139328003,1.0584405660629272,0.3541104793548584,-1.2896077632904053,-0.32394808530807495,0.7889196872711182,0.8384793400764465
-1.10529363155365,1.052079200744629,0.35411202907562256,-1.2889095544815063,-0.3219932019710541,0.7930221557617188,0.8379212021827698
-1.105433464050293,1.0448253154754639,0.3541180193424225,-1.288257122039795,-0.3192262053489685,0.7963652610778809,0.8379209041595459
-1.1056201457977295,1.0278923511505127,0.35412898659706116,-1.289242148399353,-0.31211599707603455,0.8084023594856262,0.8376107215881348
-1.105895757675171,1.0119035243988037,0.35412055253982544,-1.2929010391235352,-0.3057911992073059,0.8229112029075623,0.8360039591789246
-1.1065340042114258,0.9971572160720825,0.354120135307312,-1.2974207401275635,-0.3013561964035034,0.8339271545410156,0.8334124088287354
-1.1072208881378174,0.9836674332618713,0.35411694645881653,-1.30399751663208,-0.2970869243144989,0.8396825194358826,0.8300474286079407
-1.108445644378662,0.9750761389732361,0.35394802689552307,-1.3108439445495605,-0.2933681607246399,0.8402521014213562,0.8279681205749512
-1.1109248399734497,0.9714446663856506,0.3539130389690399,-1.3162128925323486,-0.29162123799324036,0.8397082686424255,0.8229668736457825
-1.1141610145568848,0.9711464643478394,0.3539196848869324,-1.3190854787826538,-0.2908933758735657,0.837134838104248,0.8183879256248474
-1.1169812679290771,0.9716762900352478,0.35394516587257385,-1.3209677934646606,-0.2906877398490906,0.8362299203872681,0.8149777054786682
-1.1193407773971558,0.9720472097396851,0.35398128628730774,-1.3223094940185547,-0.29054880142211914,0.8361951112747192,0.8134831786155701
-1.1210412979125977,0.9721873998641968,0.35410264134407043,-1.323725938796997,-0.2901943624019623,0.8361303210258484,0.8110401630401611
-1.1220602989196777,0.9721722602844238,0.3543468713760376,-1.3240374326705933,-0.2898791432380676,0.8339598178863525,0.8093975186347961
-1.122448205947876,0.9721543192863464,0.35553625226020813,-1.3239134550094604,-0.28944846987724304,0.8289216160774231,0.8083512187004089
-1.1225541830062866,0.9721522927284241,0.35680699348449707,-1.3238264322280884,-0.2887444496154785,0.8261032700538635,0.8083460927009583
-1.122678518295288,0.9721483588218689,0.35766974091529846,-1.3237229585647583,-0.28795158863067627,0.8253868818283081,0.8083459138870239
-1.1227375268936157,0.9721477031707764,0.35809504985809326,-1.3234275579452515,-0.28720080852508545,0.8252941966056824,0.8083436489105225
-1.122741460800171,0.9721479415893555,0.3583597242832184,-1.3231531381607056,-0.2865036129951477,0.8251916170120239,0.8083198666572571
-1.1227487325668335,0.9721471071243286,0.3588687479496002,-1.3230655193328857,-0.2860332429409027,0.8245920538902283,0.8082729578018188
-1.1228374242782593,0.9721472263336182,0.3589445650577545,-1.322997808456421,-0.28552281856536865,0.8239282965660095,0.8082761764526367
-1.1243356466293335,0.9721207618713379,0.3578336834907532,-1.322458267211914,-0.2847270667552948,0.8225128054618835,0.8079066872596741
-1.1286702156066895,0.9714649319648743,0.35399529337882996,-1.3211745023727417,-0.2847610116004944,0.8220944404602051,0.8027867674827576
-1.1401563882827759,0.968357503414154,0.34564679861068726,-1.319682240486145,-0.28490951657295227,0.8225864768028259,0.7872179746627808
-1.1575480699539185,0.9622402787208557,0.336027055978775,-1.321202278137207,-0.2849706709384918,0.830028772354126,0.7614647150039673
-1.1774122714996338,0.9546923637390137,0.3265661597251892,-1.3264597654342651,-0.2849375009536743,0.8408910036087036,0.7378185391426086
-1.2159719467163086,0.9392340779304504,0.3123653531074524,-1.341750144958496,-0.28177741169929504,0.8578638434410095,0.7019086480140686
-1.2522799968719482,0.9245323538780212,0.30172017216682434,-1.3601571321487427,-0.2760230600833893,0.8705806136131287,0.6702000498771667
-1.2979992628097534,0.9061725735664368,0.2911206781864166,-1.3848227262496948,-0.26681792736053467,0.8776131868362427,0.6347060799598694
-1.343774437904358,0.8884227275848389,0.28377825021743774,-1.4084829092025757,-0.25846147537231445,0.877564549446106,0.5970873236656189
-1.3940813541412354,0.870739758014679,0.2775702178478241,-1.432471513748169,-0.2528023421764374,0.8753865957260132,0.5579738020896912
-1.4469447135925293,0.8554354310035706,0.2721124291419983,-1.4571789503097534,-0.2522682249546051,0.8738505840301514,0.5227465033531189
-1.494128704071045,0.8471936583518982,0.2667206823825836,-1.4774805307388306,-0.2575908601284027,0.8684691190719604,0.49563726782798767
-1.5433213710784912,0.8444953560829163,0.26425862312316895,-1.4956727027893066,-0.27045634388923645,0.8567568063735962,0.46748051047325134
-1.5850856304168701,0.8454816937446594,0.26485419273376465,-1.5100470781326294,-0.285974383354187,0.8434488773345947,0.4482475817203522
-1.6047781705856323,0.846729040145874,0.26649051904678345,-1.5163098573684692,-0.2953488230705261,0.8341260552406311,0.43557870388031006
-1.6502245664596558,0.8508094549179077,0.2750905156135559,-1.529879093170166,-0.3219982087612152,0.8097015619277954,0.39626559615135193
-1.6801347732543945,0.8532959222793579,0.2857382595539093,-1.538923978805542,-0.33765122294425964,0.7973565459251404,0.3765980303287506
-1.70504629611969,0.8547186255455017,0.30149680376052856,-1.5480079650878906,-0.3440970182418823,0.793097198009491,0.3639027774333954
-1.7212680578231812,0.8547242879867554,0.3180610239505768,-1.554945707321167,-0.3445151150226593,0.7931118011474609,0.3510509729385376
-1.732843279838562,0.85472172498703,0.33213865756988525,-1.5592654943466187,-0.34448492527008057,0.7931087613105774,0.3412678837776184
-1.7446653842926025,0.8547213077545166,0.3472599387168884,-1.5635604858398438,-0.3443034291267395,0.7931273579597473,0.3346587121486664
-1.75264573097229,0.8547247052192688,0.3561288118362427,-1.5656973123550415,-0.343889057636261,0.7937365770339966,0.3346441984176636
-1.7575576305389404,0.854727566242218,0.36026665568351746,-1.5667107105255127,-0.3439565598964691,0.7963808178901672,0.3324429392814636
-1.760054588317871,0.8547345995903015,0.3609963655471802,-1.566668152809143,-0.3461037576198578,0.797105610370636,0.32469069957733154
-1.7602282762527466,0.8547366261482239,0.36044904589653015,-1.5655584335327148,-0.3502996563911438,0.7969619035720825,0.3158157765865326
-1.760213017463684,0.8547631502151489,0.3601340353488922,-1.56520414352417,-0.3537335693836212,0.795281708240509,0.30732718110084534
-1.7602119445800781,0.8549522757530212,0.3592703342437744,-1.5652340650558472,-0.3544420897960663,0.7919473052024841,0.3059086799621582
-1.7602115869522095,0.8553577661514282,0.35798636078834534,-1.5651248693466187,-0.3541094958782196,0.7880167961120605,0.305907279253006
-1.7601895332336426,0.8563063144683838,0.3570197820663452,-1.565194845199585,-0.35309869050979614,0.785144031047821,0.30590537190437317
-1.76007080078125,0.8580591082572937,0.35696834325790405,-1.5653702020645142,-0.3521556854248047,0.7837257981300354,0.3056616187095642
-1.759975552558899,0.8601210713386536,0.3569939434528351,-1.5653655529022217,-0.3518027663230896,0.782396137714386,0.305473268032074
-1.7599762678146362,0.8619453310966492,0.35701557993888855,-1.5652127265930176,-0.351801335811615,0.7812861800193787,0.30547285079956055
-1.7599891424179077,0.8633458018302917,0.35690465569496155,-1.5652674436569214,-0.35181254148483276,0.7813356518745422,0.3054698705673218
-1.7599716186523438,0.8641067743301392,0.35691237449645996,-1.565409541130066,-0.3518367111682892,0.7817977666854858,0.3049846887588501
-1.7599793672561646,0.8642124533653259,0.35695451498031616,-1.5654826164245605,-0.35182079672813416,0.7821747660636902,0.30501243472099304
-1.7600144147872925,0.864189624786377,0.3569251596927643,-1.5649690628051758,-0.3517138957977295,0.782227098941803,0.30507892370224
-1.7600144147872925,0.8641875982284546,0.35689932107925415,-1.5649092197418213,-0.3512972295284271,0.7822770476341248,0.3058513104915619
-1.7600123882293701,0.8641873002052307,0.3568338453769684,-1.5649394989013672,-0.3504156768321991,0.7822866439819336,0.306376576423645
-1.7600047588348389,0.8641830682754517,0.3568878769874573,-1.5647783279418945,-0.34955883026123047,0.7822290658950806,0.3063679039478302
-1.760004997253418,0.8641799688339233,0.3571191132068634,-1.5640676021575928,-0.3491668999195099,0.7821643352508545,0.30636802315711975
-1.7600058317184448,0.8641770482063293,0.3572114408016205,-1.5631402730941772,-0.3491213619709015,0.7815143465995789,0.30635926127433777
-1.7600016593933105,0.8641764521598816,0.3572576642036438,-1.5624252557754517,-0.34912165999412537,0.7810952663421631,0.30614733695983887
-1.7600017786026,0.8641793131828308,0.357313871383667,-1.5622179508209229,-0.34912165999412537,0.7804796099662781,0.3058895468711853
-1.7600040435791016,0.8643342852592468,0.3563472032546997,-1.5629968643188477,-0.34915176033973694,0.7786279320716858,0.3059074580669403
-1.759994626045227,0.8651586771011353,0.3546237051486969,-1.5643434524536133,-0.34917956590652466,0.7747079730033875,0.30590584874153137
-1.7599684000015259,0.8679413199424744,0.35217219591140747,-1.5660531520843506,-0.34971359372138977,0.76535964012146,0.30590423941612244
-1.7598954439163208,0.8758965730667114,0.3500720262527466,-1.5667470693588257,-0.3527563214302063,0.7484554648399353,0.30459854006767273
-1.7598634958267212,0.8864517211914062,0.34946808218955994,-1.5665183067321777,-0.3558829724788666,0.735152006149292,0.3042082190513611
-1.7597367763519287,0.8978267908096313,0.35007384419441223,-1.5633684396743774,-0.35984647274017334,0.7251778841018677,0.30375924706459045
-1.759745478630066,0.9064134359359741,0.35174036026000977,-1.558501958847046,-0.36354395747184753,0.7238879799842834,0.3037596642971039
-1.759750247001648,0.9121667742729187,0.3522550165653229,-1.555851697921753,-0.36708226799964905,0.7257385849952698,0.30376097559928894
-1.759749412536621,0.9158762097358704,0.3524220883846283,-1.5538650751113892,-0.36962446570396423,0.7260720133781433,0.3037606179714203
-1.7597541809082031,0.9169679284095764,0.35271504521369934,-1.5524216890335083,-0.37081751227378845,0.7260720133781433,0.303757905960083
-1.7598007917404175,0.917100191116333,0.35249465703964233,-1.551925778388977,-0.37172141671180725,0.7271845936775208,0.30319496989250183
-1.7597973346710205,0.9170992374420166,0.3523900806903839,-1.5530246496200562,-0.37170761823654175,0.7286524772644043,0.3021925985813141
-1.7597885131835938,0.9171035885810852,0.3524217903614044,-1.5543946027755737,-0.3716530501842499,0.7286404371261597,0.30171725153923035
-1.759796142578125,0.9172398447990417,0.3524003326892853,-1.5551692247390747,-0.37154242396354675,0.7286332845687866,0.3016262352466583
-1.7597944736480713,0.9173200726509094,0.3523994982242584,-1.5550754070281982,-0.37142160534858704,0.728101372718811,0.30109095573425293
-1.7597919702529907,0.9175691604614258,0.35224878787994385,-1.5549226999282837,-0.37143149971961975,0.725673496723175,0.2997698187828064
-1.759783387184143,0.9182845950126648,0.35225197672843933,-1.5543876886367798,-0.3714334964752197,0.722830593585968,0.29917681217193604
-1.7597723007202148,0.9188722968101501,0.3523575961589813,-1.5533720254898071,-0.37154942750930786,0.7207599878311157,0.29585006833076477
-1.7597846984863281,0.9196505546569824,0.3523354232311249,-1.552919864654541,-0.37164855003356934,0.7202737331390381,0.2949981093406677
-1.7597862482070923,0.9207345843315125,0.35212278366088867,-1.5530592203140259,-0.3719669580459595,0.7202537655830383,0.2948712408542633
-1.759778618812561,0.9218349456787109,0.3521406948566437,-1.5530368089675903,-0.37233951687812805,0.7193105220794678,0.2942761778831482
-1.759778618812561,0.922285795211792,0.3522053360939026,-1.552976131439209,-0.37245091795921326,0.7182378172874451,0.2940029501914978
-1.7597792148590088,0.9230183362960815,0.3523101508617401,-1.5531063079833984,-0.3725031614303589,0.7178617119789124,0.2940064072608948
-1.7597793340682983,0.923314094543457,0.3523003160953522,-1.5532925128936768,-0.3724309802055359,0.7178625464439392,0.294006884098053
-1.7597811222076416,0.9233053922653198,0.35231056809425354,-1.5529781579971313,-0.3724227249622345,0.7178625464439392,0.2940059304237366
-1.7597790956497192,0.9233020544052124,0.3523743748664856,-1.552306056022644,-0.3724207282066345,0.7178651690483093,0.294005811214447
-1.7597752809524536,0.9233055114746094,0.3523910939693451,-1.5525437593460083,-0.3724190890789032,0.7180256843566895,0.2940051555633545
-1.7597756385803223,0.9233049750328064,0.35243040323257446,-1.552717685699463,-0.3724183142185211,0.7183941006660461,0.2939843535423279
-1.759780764579773,0.9232998490333557,0.3524259030818939,-1.5525115728378296,-0.37243327498435974,0.7184097766876221,0.2939567267894745
-1.7597885131835938,0.9232965707778931,0.35233405232429504,-1.551882266998291,-0.37248581647872925,0.7184480428695679,0.2939433753490448
-1.759787678718567,0.9232961535453796,0.35222649574279785,-1.5515923500061035,-0.37271973490715027,0.7185516357421875,0.29388484358787537
-1.75978684425354,0.9232949614524841,0.35223230719566345,-1.550895094871521,-0.37355566024780273,0.7186655402183533,0.29370248317718506
-1.7597874402999878,0.9232922196388245,0.3522348999977112,-1.5502854585647583,-0.3742446303367615,0.7194905281066895,0.2935869097709656
-1.759784460067749,0.9232876300811768,0.3523178696632385,-1.5498311519622803,-0.3744990825653076,0.7201427817344666,0.293287068605423
-1.7597846984863281,0.9232851266860962,0.35245174169540405,-1.5495864152908325,-0.37480980157852173,0.7205635905265808,0.2928716838359833
-1.7597839832305908,0.9232822060585022,0.35281479358673096,-1.5487406253814697,-0.37496310472488403,0.7206095457077026,0.29211661219596863
-1.7597814798355103,0.9232825040817261,0.35335883498191833,-1.5485137701034546,-0.37495821714401245,0.7207713723182678,0.2921203374862671
-1.7597779035568237,0.9232824444770813,0.35387343168258667,-1.5485032796859741,-0.3749602138996124,0.7210718393325806,0.2921198606491089
-1.7597731351852417,0.9232832193374634,0.3542223572731018,-1.5485095977783203,-0.37501296401023865,0.7215855717658997,0.29209572076797485
-1.7597732543945312,0.9232826232910156,0.3543011546134949,-1.5485001802444458,-0.3753780424594879,0.7218550443649292,0.29192307591438293
-1.7597724199295044,0.9232836365699768,0.35444292426109314,-1.5484137535095215,-0.3761979639530182,0.7218561768531799,0.29192396998405457
-1.7597733736038208,0.9232850670814514,0.35443729162216187,-1.5485284328460693,-0.37717029452323914,0.7223303318023682,0.2919166684150696
-1.7597724199295044,0.9232853651046753,0.35443729162216187,-1.5486923456192017,-0.37727680802345276,0.7227640748023987,0.29187387228012085
-1.7597730159759521,0.9232847094535828,0.3544732332229614,-1.5485786199569702,-0.37724652886390686,0.7227576971054077,0.2918797433376312
-1.7597792148590088,0.9232850670814514,0.3544355034828186,-1.5485788583755493,-0.37724441289901733,0.722825288772583,0.2918790280818939
-1.7597686052322388,0.9232844114303589,0.3544394373893738,-1.548552393913269,-0.3772421181201935,0.7233927845954895,0.29187992215156555
-1.7597674131393433,0.9232844114303589,0.35454699397087097,-1.548486351966858,-0.37714213132858276,0.723388135433197,0.2918788492679596
-1.7597765922546387,0.9232845306396484,0.3545616865158081,-1.548509120941162,-0.377139151096344,0.723468005657196,0.29186367988586426
-1.7597720623016357,0.9232844114303589,0.3545547425746918,-1.5486162900924683,-0.3771440386772156,0.7239226698875427,0.29168501496315
-1.7597728967666626,0.9232845306396484,0.3545364439487457,-1.5487706661224365,-0.3771449029445648,0.7240162491798401,0.29161161184310913
-1.7597771883010864,0.9232301115989685,0.3544236123561859,-1.5486841201782227,-0.3771507441997528,0.7247430086135864,0.2914845049381256
-1.7597767114639282,0.9232357144355774,0.35442277789115906,-1.5486416816711426,-0.3771505653858185,0.7248185276985168,0.2914935052394867
-1.7597780227661133,0.923236072063446,0.354403018951416,-1.5486314296722412,-0.3771486282348633,0.7248161435127258,0.29150745272636414
-1.7597789764404297,0.9232348799705505,0.35429316759109497,-1.5485408306121826,-0.37714883685112,0.7248173952102661,0.2915494740009308
-1.7597813606262207,0.9227861166000366,0.35435280203819275,-1.5484117269515991,-0.3771194815635681,0.7254853248596191,0.2918531000614166
-1.7598514556884766,0.9186464548110962,0.35526570677757263,-1.5471360683441162,-0.37633150815963745,0.7322795391082764,0.2923924922943115
-1.7599670886993408,0.9085038304328918,0.3576613962650299,-1.5455589294433594,-0.37311139702796936,0.7460198402404785,0.2924618124961853
-1.759969711303711,0.8962116837501526,0.3606911301612854,-1.5442848205566406,-0.36761167645454407,0.7559994459152222,0.29347723722457886
-1.7599619626998901,0.8826941251754761,0.36343175172805786,-1.544118881225586,-0.36025309562683105,0.7650562524795532,0.29346203804016113
-1.7599538564682007,0.871867299079895,0.36398252844810486,-1.5462440252304077,-0.3541669249534607,0.774604320526123,0.2934577167034149
-1.7599440813064575,0.8658776879310608,0.3631870746612549,-1.5482008457183838,-0.3525030314922333,0.7781694531440735,0.29271408915519714
-1.7599385976791382,0.8647243976593018,0.36254334449768066,-1.5485295057296753,-0.3526062071323395,0.778634250164032,0.29077571630477905
-1.7599351406097412,0.8657441735267639,0.3622529208660126,-1.5485230684280396,-0.35349589586257935,0.7786350846290588,0.2906336784362793
-1.7599380016326904,0.8675745129585266,0.3617028295993805,-1.5483222007751465,-0.3555000424385071,0.7786392569541931,0.2906571924686432
-1.7599440813064575,0.8689999580383301,0.3605731427669525,-1.5483614206314087,-0.35695895552635193,0.7793298959732056,0.2906559705734253
-1.759945273399353,0.869344174861908,0.3597782254219055,-1.5485692024230957,-0.3581084907054901,0.7796666026115417,0.29063260555267334
-1.7599616050720215,0.8691876530647278,0.3587970733642578,-1.5481741428375244,-0.3595271408557892,0.7796415686607361,0.2901802659034729
-1.7599643468856812,0.8689727187156677,0.35786932706832886,-1.5478111505508423,-0.3595946133136749,0.7796167135238647,0.2901841104030609
-1.759965181350708,0.8689506649971008,0.35745522379875183,-1.547871470451355,-0.35949212312698364,0.7796056270599365,0.29021602869033813
-1.7599624395370483,0.8689493536949158,0.3574223220348358,-1.5479563474655151,-0.35916396975517273,0.7795946598052979,0.2902529537677765
-1.7599477767944336,0.8689490556716919,0.3578309118747711,-1.5478776693344116,-0.3579432964324951,0.7788992524147034,0.2912035882472992
-1.7598246335983276,0.8688997030258179,0.3599407970905304,-1.5470459461212158,-0.3573713004589081,0.7781350016593933,0.2916446328163147
-1.7595247030258179,0.8688871264457703,0.3632182478904724,-1.545710802078247,-0.35759231448173523,0.7782120108604431,0.2917369604110718
-1.7591897249221802,0.8688979744911194,0.3659107983112335,-1.5448765754699707,-0.358517587184906,0.7789350748062134,0.29194578528404236
-1.7581119537353516,0.8690184354782104,0.36953166127204895,-1.5436547994613647,-0.36238253116607666,0.7796800136566162,0.2953566610813141
-1.754236102104187,0.8699775338172913,0.37285834550857544,-1.5412626266479492,-0.3770290017127991,0.7796580195426941,0.3029726445674896
-1.7442301511764526,0.8729914426803589,0.3807004690170288,-1.5367958545684814,-0.40130260586738586,0.7793103456497192,0.3119729161262512
-1.726183295249939,0.8784167766571045,0.3956358730792999,-1.5289102792739868,-0.4255915582180023,0.7763060927391052,0.32633835077285767
-1.700989007949829,0.8853026032447815,0.4147031307220459,-1.5188177824020386,-0.44342198967933655,0.7761890292167664,0.35004639625549316
-1.6667964458465576,0.8941581845283508,0.43582114577293396,-1.5057883262634277,-0.45158034563064575,0.7814825773239136,0.3856736421585083
-1.6323062181472778,0.9039536118507385,0.451872855424881,-1.4919122457504272,-0.45275652408599854,0.7845174670219421,0.4184354543685913
-1.5930372476577759,0.9158791303634644,0.4635622203350067,-1.469342827796936,-0.45584234595298767,0.7843906283378601,0.4506198465824127
-1.5487173795700073,0.9298519492149353,0.46855461597442627,-1.4356460571289062,-0.4642689824104309,0.7838881611824036,0.4847739338874817
-1.499474048614502,0.9463310837745667,0.4677530527114868,-1.3974287509918213,-0.4751727879047394,0.7895042896270752,0.5221253633499146
-1.465560793876648,0.958731472492218,0.4652765691280365,-1.3729071617126465,-0.4801372289657593,0.8016787767410278,0.5509233474731445
-1.4167087078094482,0.9783385396003723,0.4563811421394348,-1.3356486558914185,-0.48024624586105347,0.8253024816513062,0.6068344116210938
-1.3807569742202759,0.9936623573303223,0.4440280497074127,-1.303347110748291,-0.4730165898799896,0.8445922136306763,0.6509741544723511
-1.3460214138031006,1.0067914724349976,0.42768535017967224,-1.2714817523956299,-0.4502788782119751,0.8681511878967285,0.6808438897132874
-1.3266884088516235,1.0124441385269165,0.4134801924228668,-1.252923607826233,-0.4222443997859955,0.87911057472229,0.6878847479820251
-1.3140654563903809,1.0144098997116089,0.3985609710216522,-1.2424540519714355,-0.39365217089653015,0.8852606415748596,0.6860666871070862
-1.30565345287323,1.013859510421753,0.38570934534072876,-1.2395198345184326,-0.37146294116973877,0.888203501701355,0.6766065955162048
-1.3015756607055664,1.0124328136444092,0.3769634962081909,-1.2395939826965332,-0.3602517545223236,0.8882340788841248,0.6736708879470825
-1.3008157014846802,1.0116392374038696,0.37301164865493774,-1.2395877838134766,-0.35685598850250244,0.8881916403770447,0.6736817359924316
-1.3013287782669067,1.0102763175964355,0.3693370223045349,-1.2397710084915161,-0.3546406328678131,0.8881503343582153,0.6736313104629517
-1.3018393516540527,1.010156273841858,0.36922401189804077,-1.2410390377044678,-0.3547407388687134,0.8881485462188721,0.6721416115760803
-1.3018310070037842,1.0102711915969849,0.36950841546058655,-1.2427172660827637,-0.3550819456577301,0.8880630135536194,0.6689514517784119
-1.30186128616333,1.0103826522827148,0.36964893341064453,-1.2436273097991943,-0.3555225729942322,0.8870660066604614,0.6678569316864014
-1.3019345998764038,1.0103614330291748,0.36966946721076965,-1.2435479164123535,-0.3557567000389099,0.8846073150634766,0.665922999382019
-1.301957607269287,1.0103399753570557,0.36986762285232544,-1.2434909343719482,-0.3557514250278473,0.8815991282463074,0.6644494533538818
-1.3019883632659912,1.0103455781936646,0.3698582947254181,-1.2437807321548462,-0.3557206392288208,0.8815174698829651,0.664413332939148
-1.3020530939102173,1.0103561878204346,0.3698338270187378,-1.2440963983535767,-0.35572007298469543,0.8815140724182129,0.6643898487091064
-1.3021674156188965,1.0103554725646973,0.3697669208049774,-1.243760347366333,-0.3557213246822357,0.8813698887825012,0.6642810106277466
-1.3022013902664185,1.0103678703308105,0.36973851919174194,-1.243372917175293,-0.3557150065898895,0.8803716897964478,0.6641454696655273
-1.3022854328155518,1.010764479637146,0.3692115545272827,-1.242587685585022,-0.3557150065898895,0.8787516951560974,0.6641685962677002
-1.3024601936340332,1.0122427940368652,0.3671604096889496,-1.2413396835327148,-0.3557351231575012,0.8757522106170654,0.6641355156898499
-1.3024271726608276,1.0144716501235962,0.3653569519519806,-1.240925908088684,-0.35585296154022217,0.8731685876846313,0.662314772605896
-1.302336573600769,1.0205626487731934,0.3624213635921478,-1.2409582138061523,-0.35584816336631775,0.8680813312530518,0.6611749529838562
-1.302302598953247,1.0306967496871948,0.35897576808929443,-1.238700270652771,-0.3556511402130127,0.8560209274291992,0.6627968549728394
-1.302287220954895,1.0421051979064941,0.355862557888031,-1.2340741157531738,-0.3555649518966675,0.8426893949508667,0.6627427339553833
-1.3021669387817383,1.0542757511138916,0.35400688648223877,-1.2281594276428223,-0.3558042645454407,0.8316887021064758,0.6599923968315125
-1.3021143674850464,1.0660641193389893,0.35365602374076843,-1.2203036546707153,-0.35785239934921265,0.8240702152252197,0.6589267253875732
-1.3021128177642822,1.0763622522354126,0.35349923372268677,-1.210436224937439,-0.36132553219795227,0.8196361660957336,0.6596196293830872
-1.3020899295806885,1.0844545364379883,0.3534487187862396,-1.202473521232605,-0.3654005527496338,0.8189800977706909,0.6611067652702332
-1.3020482063293457,1.0919090509414673,0.3534643352031708,-1.195508599281311,-0.37067878246307373,0.8189860582351685,0.6610731482505798
-1.3020840883255005,1.0961724519729614,0.35345834493637085,-1.191969394683838,-0.3742966949939728,0.8186737298965454,0.661070704460144
-1.3022047281265259,1.0977791547775269,0.3534417450428009,-1.1900153160095215,-0.3756736218929291,0.816354513168335,0.6610584855079651
-1.3023078441619873,1.0995564460754395,0.3533826768398285,-1.1889493465423584,-0.3778707683086395,0.8121958374977112,0.6604844927787781
-1.3023027181625366,1.101835012435913,0.3526502549648285,-1.1891593933105469,-0.37800297141075134,0.8087454438209534,0.6605023741722107
-1.3023045063018799,1.102461814880371,0.352379709482193,-1.1889797449111938,-0.37783241271972656,0.8079527616500854,0.6607506275177002
-1.302335500717163,1.1024584770202637,0.3522176742553711,-1.188946008682251,-0.37733185291290283,0.8079659938812256,0.6615442037582397
-1.3024368286132812,1.102457880973816,0.351566880941391,-1.188273549079895,-0.37546297907829285,0.8078810572624207,0.6626343131065369
-1.3026872873306274,1.102460503578186,0.350190669298172,-1.1869823932647705,-0.37204843759536743,0.807763397693634,0.6637529730796814
-1.3027290105819702,1.1024893522262573,0.34882932901382446,-1.1864919662475586,-0.3684002459049225,0.8076404333114624,0.6646254658699036
-1.3025391101837158,1.1028611660003662,0.34633001685142517,-1.186450719833374,-0.3637525737285614,0.804945170879364,0.6642232537269592
-1.3023215532302856,1.1031845808029175,0.3453015387058258,-1.1862778663635254,-0.36169129610061646,0.8038077354431152,0.6616221070289612
-1.3022710084915161,1.1041887998580933,0.3449961245059967,-1.1862852573394775,-0.36153289675712585,0.8024177551269531,0.6604909896850586
-1.302309513092041,1.1067116260528564,0.3445606529712677,-1.1855837106704712,-0.3615206480026245,0.7996140718460083,0.6605325937271118
-1.3023065328598022,1.1079072952270508,0.34457212686538696,-1.1842987537384033,-0.36138755083084106,0.7998116612434387,0.6609576940536499
-1.3021560907363892,1.10823392868042,0.3446441888809204,-1.1834948062896729,-0.36138007044792175,0.8010480999946594,0.6610842943191528
-1.302098274230957,1.1082546710968018,0.3447011709213257,-1.1832520961761475,-0.3614596724510193,0.8016287684440613,0.6610732674598694
-1.3020981550216675,1.1082549095153809,0.3451058268547058,-1.182292103767395,-0.36145150661468506,0.803824782371521,0.6610689759254456
-1.3020892143249512,1.1082570552825928,0.3455994725227356,-1.1817106008529663,-0.3613000214099884,0.8067430853843689,0.6610556244850159
-1.3020825386047363,1.1083126068115234,0.3455681800842285,-1.1817834377288818,-0.36118900775909424,0.8067470192909241,0.6610551476478577
-1.3021221160888672,1.1083263158798218,0.3454433083534241,-1.1817084550857544,-0.36077645421028137,0.8066343665122986,0.6610530018806458
-1.3021388053894043,1.1082922220230103,0.34547159075737,-1.181535243988037,-0.36069515347480774,0.8070288300514221,0.6604733467102051
-1.3021280765533447,1.1082100868225098,0.3457306921482086,-1.1808972358703613,-0.36046284437179565,0.8085709810256958,0.6598864197731018
-1.3021281957626343,1.1081902980804443,0.3457864820957184,-1.1807438135147095,-0.36045145988464355,0.8089264631271362,0.6597683429718018
-1.3025164604187012,1.107275366783142,0.34784242510795593,-1.1771663427352905,-0.3568170666694641,0.8229259848594666,0.6571892499923706
-1.3028396368026733,1.1073099374771118,0.3476119637489319,-1.176771879196167,-0.35509535670280457,0.822898268699646,0.6571861505508423
-1.3028370141983032,1.1075392961502075,0.34720882773399353,-1.1767767667770386,-0.3546693027019501,0.822059154510498,0.656908392906189
-1.302819013595581,1.1075314283370972,0.34721648693084717,-1.1766822338104248,-0.35467466711997986,0.821891725063324,0.6561009883880615
-1.3028172254562378,1.1075011491775513,0.34726154804229736,-1.1758965253829956,-0.3547075688838959,0.8218854665756226,0.6547203063964844
-1.3028202056884766,1.1074589490890503,0.3469536304473877,-1.1750164031982422,-0.35479411482810974,0.8212252259254456,0.6537900567054749
-1.3028218746185303,1.1074286699295044,0.34676653146743774,-1.1748700141906738,-0.3548318147659302,0.8208378553390503,0.6522247791290283
-1.3028135299682617,1.107427716255188,0.3468315601348877,-1.1748738288879395,-0.35483047366142273,0.8208678364753723,0.6510112285614014
-1.3028138875961304,1.1074254512786865,0.346914678812027,-1.174904704093933,-0.35483095049858093,0.8208953738212585,0.6495124697685242
-1.302819848060608,1.107398509979248,0.3469131588935852,-1.1749017238616943,-0.3548303544521332,0.8209043145179749,0.6493455767631531
-1.3028502464294434,1.1073883771896362,0.3469063937664032,-1.174875259399414,-0.35482433438301086,0.8209061622619629,0.6493455767631531
-1.3029568195343018,1.1073414087295532,0.34687453508377075,-1.174656629562378,-0.3547087013721466,0.8208945393562317,0.64935302734375
-1.3029981851577759,1.1073331832885742,0.34685587882995605,-1.174638032913208,-0.3545270264148712,0.8208925724029541,0.6493591666221619
-1.3030526638031006,1.1073331832885742,0.3467904031276703,-1.174633502960205,-0.3543444871902466,0.8206579685211182,0.649356484413147
-1.3031893968582153,1.107328176498413,0.34665215015411377,-1.1745685338974,-0.35421228408813477,0.8198282718658447,0.649351954460144
-1.3031771183013916,1.1073304414749146,0.3466690480709076,-1.174615502357483,-0.3542315363883972,0.8198381066322327,0.6493234634399414
-1.3031644821166992,1.1073336601257324,0.3466989994049072,-1.1747791767120361,-0.35426971316337585,0.819844126701355,0.6488333940505981
-1.3031736612319946,1.1073352098464966,0.3466953635215759,-1.1747889518737793,-0.3542785048484802,0.8198491930961609,0.6487303972244263
-1.3032020330429077,1.1073354482650757,0.34668901562690735,-1.1747772693634033,-0.354265958070755,0.819840669631958,0.6486203670501709
-1.303195595741272,1.1073381900787354,0.3467063307762146,-1.1748156547546387,-0.35420671105384827,0.8198484182357788,0.6479312777519226
-1.3032094240188599,1.107338547706604,0.3466910421848297,-1.1748448610305786,-0.35402923822402954,0.8198378086090088,0.6473540663719177
-1.303249716758728,1.107338309288025,0.346676230430603,-1.174841046333313,-0.3538803458213806,0.8198201656341553,0.6473550796508789
-1.3033316135406494,1.1073395013809204,0.34656867384910583,-1.1748121976852417,-0.35341641306877136,0.8197523355484009,0.6472757458686829
-1.3033260107040405,1.1073426008224487,0.34658360481262207,-1.174821376800537,-0.3534139394760132,0.8197593092918396,0.6466695666313171
-1.303339958190918,1.1073402166366577,0.34657910466194153,-1.1748201847076416,-0.3533419370651245,0.8197588920593262,0.6465409994125366
-1.3033539056777954,1.1073400974273682,0.3465767204761505,-1.174831509590149,-0.35324952006340027,0.8197574615478516,0.6462053060531616
-1.3033798933029175,1.1073412895202637,0.34656742215156555,-1.17485511302948,-0.35311174392700195,0.8197341561317444,0.6457623243331909
-1.3035012483596802,1.1073411703109741,0.3464187681674957,-1.1748536825180054,-0.35263726115226746,0.8194552659988403,0.6457671523094177
-1.3035181760787964,1.107339859008789,0.34642744064331055,-1.174867033958435,-0.35254713892936707,0.8194471597671509,0.6448755860328674
-1.3035495281219482,1.1073437929153442,0.3464109003543854,-1.1748698949813843,-0.35258597135543823,0.8190770149230957,0.6438763737678528
-1.3036030530929565,1.1073875427246094,0.3455716073513031,-1.1751444339752197,-0.3531855642795563,0.8169734477996826,0.6422228813171387
-1.3036081790924072,1.1074144840240479,0.3438688814640045,-1.1761910915374756,-0.35548001527786255,0.8146153688430786,0.6410024762153625
-1.303622841835022,1.1074172258377075,0.3424348533153534,-1.1770459413528442,-0.35698676109313965,0.8125900626182556,0.6408666968345642
-1.3036595582962036,1.1074330806732178,0.3412646949291229,-1.1776819229125977,-0.3580129146575928,0.8109451532363892,0.6408597230911255
-1.3037681579589844,1.1074247360229492,0.34012362360954285,-1.177976369857788,-0.3580443561077118,0.8095277547836304,0.6408590078353882
-1.303777813911438,1.107361912727356,0.3402944505214691,-1.1778854131698608,-0.35800063610076904,0.8090189099311829,0.6403332948684692
-1.3037766218185425,1.1072816848754883,0.34109100699424744,-1.1778279542922974,-0.35715022683143616,0.8085421323776245,0.6401335597038269
-1.3037792444229126,1.107100486755371,0.3417828381061554,-1.1775914430618286,-0.3553315997123718,0.8079699277877808,0.6400315165519714
-1.303778052330017,1.10659658908844,0.3425561189651489,-1.1770718097686768,-0.3538174629211426,0.8078248500823975,0.6398451328277588
-1.303770899772644,1.1058685779571533,0.34326258301734924,-1.1770224571228027,-0.35230427980422974,0.8078566193580627,0.6392282247543335
-1.3037692308425903,1.1052746772766113,0.3432878851890564,-1.1769965887069702,-0.352239191532135,0.8078570365905762,0.6389431953430176
-1.3037649393081665,1.1050746440887451,0.3432827889919281,-1.1770001649856567,-0.35226479172706604,0.8078699707984924,0.6384320259094238
-1.3037761449813843,1.105076551437378,0.3431701958179474,-1.1769992113113403,-0.35228174924850464,0.8083906769752502,0.6378040909767151
-1.3037800788879395,1.1050829887390137,0.3428916931152344,-1.1770057678222656,-0.3522826135158539,0.8096230626106262,0.6377720236778259
-1.3037878274917603,1.105084776878357,0.3427355885505676,-1.1770129203796387,-0.35228291153907776,0.8099709749221802,0.6376698017120361
-1.303829312324524,1.1050851345062256,0.3427349328994751,-1.1771284341812134,-0.35226526856422424,0.8099877238273621,0.6375242471694946
-1.3038266897201538,1.1050832271575928,0.34283798933029175,-1.1771212816238403,-0.35204896330833435,0.8099786043167114,0.6375206112861633
-1.3038288354873657,1.1050785779953003,0.3429349958896637,-1.1770633459091187,-0.35130730271339417,0.8099674582481384,0.6375182271003723
-1.3038371801376343,1.1050753593444824,0.34292471408843994,-1.1769096851348877,-0.35064539313316345,0.809967577457428,0.6373546123504639
-1.3038585186004639,1.105069875717163,0.34292325377464294,-1.1766220331192017,-0.3504348397254944,0.8099674582481384,0.6370636224746704
-1.3038800954818726,1.1050693988800049,0.34289005398750305,-1.176372766494751,-0.35043588280677795,0.8099673390388489,0.6368098258972168
-1.303891897201538,1.1050548553466797,0.342893123626709,-1.176326870918274,-0.3504375219345093,0.8099678754806519,0.6356955170631409
-1.3039170503616333,1.1050540208816528,0.3428749740123749,-1.1763452291488647,-0.3504404127597809,0.8099674582481384,0.6355947256088257
-1.3039238452911377,1.1050329208374023,0.3429044485092163,-1.1763429641723633,-0.35044413805007935,0.8099666237831116,0.6352077126502991
-1.303924322128296,1.1049833297729492,0.3430125415325165,-1.176342248916626,-0.3504345417022705,0.8099666237831116,0.6349048018455505
-1.3039242029190063,1.1049766540527344,0.3431662917137146,-1.1763426065444946,-0.35019582509994507,0.809967041015625,0.6349021792411804
-1.3039246797561646,1.1049761772155762,0.34315767884254456,-1.1763538122177124,-0.3496992886066437,0.8099666833877563,0.634788453578949
-1.3039202690124512,1.104954481124878,0.3432292938232422,-1.1763906478881836,-0.34938377141952515,0.8099669218063354,0.6336062550544739
-1.3039199113845825,1.1048411130905151,0.34336164593696594,-1.176408052444458,-0.3493257761001587,0.8099672198295593,0.6333996653556824
-1.3039169311523438,1.1047618389129639,0.3435569405555725,-1.1764945983886719,-0.3493278920650482,0.8099704384803772,0.6330763697624207
-1.303968071937561,1.1047000885009766,0.3435159921646118,-1.1764585971832275,-0.3493296205997467,0.8099791407585144,0.6330805420875549
-1.303982138633728,1.104697346687317,0.34340718388557434,-1.1764671802520752,-0.3492050766944885,0.8100316524505615,0.633084774017334
-1.3039721250534058,1.1046525239944458,0.343519002199173,-1.1767303943634033,-0.3485410511493683,0.8107284307479858,0.632808268070221
-1.3039743900299072,1.1046496629714966,0.3436336815357208,-1.1769651174545288,-0.34699422121047974,0.8107491135597229,0.632495641708374
-1.3039864301681519,1.1046489477157593,0.34347209334373474,-1.1769444942474365,-0.346328467130661,0.8107566237449646,0.6314458847045898
-1.3039807081222534,1.1046483516693115,0.34337836503982544,-1.1769243478775024,-0.34634774923324585,0.8107582926750183,0.6308600902557373
-1.3039695024490356,1.1046359539031982,0.3434821367263794,-1.1769208908081055,-0.34634774923324585,0.8107743859291077,0.6297349333763123
-1.3040052652359009,1.1046340465545654,0.3434526026248932,-1.176918387413025,-0.3463479280471802,0.8107802271842957,0.6297374367713928
-1.3040063381195068,1.1046338081359863,0.3434193432331085,-1.1769205331802368,-0.3463493585586548,0.8107808828353882,0.6296804547309875
-1.3040046691894531,1.1046286821365356,0.34345248341560364,-1.176910400390625,-0.346363365650177,0.8107677102088928,0.6293932795524597
-1.3040004968643188,1.1046295166015625,0.34349173307418823,-1.1769111156463623,-0.3463624119758606,0.8107666373252869,0.6292633414268494
-1.3040251731872559,1.1046291589736938,0.34347856044769287,-1.1769109964370728,-0.3463824391365051,0.8107666373252869,0.628869354724884
-1.3040225505828857,1.1046290397644043,0.3434855043888092,-1.1769131422042847,-0.34638330340385437,0.8107646703720093,0.6275590062141418
-1.3040214776992798,1.1046291589736938,0.3434886932373047,-1.1769156455993652,-0.3463800549507141,0.8107649087905884,0.6275587677955627
-1.3040422201156616,1.1046282052993774,0.3434906005859375,-1.176914930343628,-0.3463801443576813,0.8107690215110779,0.6274979710578918
-1.3040597438812256,1.1046290397644043,0.34348759055137634,-1.176955223083496,-0.3463795781135559,0.8107713460922241,0.627341628074646
-1.3040614128112793,1.104628562927246,0.3434884250164032,-1.177081823348999,-0.3463781476020813,0.8107760548591614,0.6270729899406433
